tests/test_data/ionex_file.00i
     1.0            IONOSPHERE MAPS     GPS                 IONEX VERSION / TYPE
map2ionex           gAGE/UPC            7 January 2000 06:08PGM / RUN BY / DATE
Preliminary product                                         COMMENT
Global ionosphere maps for day 001, 2000                    DESCRIPTION
Modeled independently for each station with a tomographic   DESCRIPTION
model: 72x9x2 cells in local time, latitude and height      DESCRIPTION
The height boundaries are: 59-739-1419 km                   DESCRIPTION
The estimates have been interpolated                        DESCRIPTION
with radial basis functions (spatial smooth: 2 pixels)      DESCRIPTION
See for instance: Hernandez-Pajares, Juan, Sanz and Sole,   DESCRIPTION
JGR, Vol.103, N.A9, 20789-20796, 1998                       DESCRIPTION
Contact e-mail: manuel@mat.upc.es  Plots at:                DESCRIPTION
http://maite152.upc.es/~ionex/gAGE_dip/gAGE_dip.html        DESCRIPTION
  2000     1     1     1     0     0                        EPOCH OF FIRST MAP
  2000     1     1    22    59    60                        EPOCH OF LAST MAP
  7200                                                      INTERVAL
    12                                                      # OF MAPS IN FILE
  NONE                                                      MAPPING FUNCTION
     0.0                                                    ELEVATION CUTOFF
Phase differences (L1-L2)                                   OBSERVABLES USED
    76                                                      # OF STATIONS
    28                                                      # OF SATELLITES
  6371.0                                                    BASE RADIUS
     2                                                      MAP DIMENSION
   450.0 450.0   0.0                                        HGT1 / HGT2 / DHGT
    87.5 -87.5  -2.5                                        LAT1 / LAT2 / DLAT
  -180.0 180.0   5.0                                        LON1 / LON2 / DLON
    -1                                                      EXPONENT
TEC values in 0.1 tec units;  9999, if no value available   COMMENT
DIFFERENTIAL CODE BIASES: DCBs vanish                       COMMENT
in our approach, so we can compute them                     COMMENT
as post-fit residuals                                       COMMENT
IGS GPS stations used in the computations:                  COMMENT
acor ais1 alac alic areq artu asc1 auck bjfs brmu cas1 cedu COMMENT
chat cord dgar eisl flin fort glsv guam gus1 gwen hofn hrao COMMENT
htv1 iisc irkt kabr kerg kiru kour lamp lhas lkhu mac1 mag0 COMMENT
mas1 mcm4 mia3 noum nrc2 ntus pck1 pert petp pimo pot3 pur3 COMMENT
reyk sats sch2 sele sfer shld suaa suth thti thu1 tixi tubi COMMENT
unpg upo1 usud whn1 wil1 will wrhs wsrt wtzt wuhn yakz yar1 COMMENT
yell yssk zeck zwen                                         COMMENT
                                                            END OF HEADER
[from data line 429]
     2                                                      START OF TEC MAP
  2000     1     1     3     0     0                        EPOCH OF CURRENT MAP
    87.5-180.0 180.0   5.0 450.0                            LAT/LON1/LON2/DLON/H
    8   24   65  115  148  153  140  120  112  136  135  131  125  115  100   73
 9999 9999 9999 9999 9999 9999   12   25   22   15   16   20   13    0 9999 9999
 9999 9999 9999 9999 9999 9999 9999 9999 9999   41   56   57   44 9999 9999   56
  104  130  143  161  166  151  116   76   51   45   51   47   18    0   19   68
  102  101   94   89   81   66   44   20    8
    85.0-180.0 180.0   5.0 450.0                            LAT/LON1/LON2/DLON/H
   15   29   65  109  139  144  131  110  102  152  156  148  137  121   97   63
   23 9999 9999 9999 9999    0    8   24   25   17   13   14    8    0    0    0
    0    0   13   21   25   31   37   49   74   93   91   74   54   39   36   50
   87  118  128  140  144  133  107   77   56   51   56   59   47   37   54   93
  119  116  105   94   81   64   44   24   15
    82.5-180.0 180.0   5.0 450.0                            LAT/LON1/LON2/DLON/H
   27   39   65   98  123  126  113   94   90  138  157  152  141  124   98   61
   22    0    0    0    0    0    6   24   29   23   16   11    5    0    0    0
    0    4   21   33   39   38   42   62   91  105   98   81   63   51   47   53
   72   95  107  113  114  107   92   75   64   60   65   74   78   80   97  125
  142  137  122  104   84   65   47   32   27
    80.0-180.0 180.0   5.0 450.0                            LAT/LON1/LON2/DLON/H
   46   53   66   81   93   91   77   62   62   87  122  136  133  123  102   70
   31    4    0    0    0    0    8   24   33   30   22   13    5    0    0    0
    0   16   36   52   53   44   45   66   92  106  100   85   71   61   56   58
   66   77   84   84   83   79   74   71   71   72   77   88  101  116  136  157
  166  159  143  121   96   73   57   48   46
    77.5-180.0 180.0   5.0 450.0                            LAT/LON1/LON2/DLON/H
   72   72   69   64   61   61   59   53   53   67   92  114  123  122  110   83
   48   18    2    0    0    0   11   25   35   35   28   18    8    0    0    0
   13   33   57   69   63   51   52   70   92  105  102   90   79   70   64   62
   64   67   67   63   60   59   61   68   76   82   87   98  115  136  159  178
  184  178  165  144  118   94   78   72   72
    75.0-180.0 180.0   5.0 450.0                            LAT/LON1/LON2/DLON/H
  102   94   76   57   52   59   60   53   48   55   74   97  116  122  116   97
   66   36   17    8    4    6   14   25   35   38   33   24   15   10   11   20
   36   57   75   80   71   61   63   76   94  105  102   93   84   77   70   65
   64   63   60   54   51   52   58   69   80   88   96  108  127  149  173  192
  200  197  186  168  145  123  109  104  102
    72.5-180.0 180.0   5.0 450.0                            LAT/LON1/LON2/DLON/H
  133  116   89   68   65   70   66   55   47   49   63   82  102  115  114  101
   80   56   38   27   19   15   16   26   36   42   40   36   34   38   47   60
   73   84   90   88   79   73   74   84   96  104  101   94   87   79   72   66
   63   60   56   52   53   57   65   75   85   94  105  121  142  164  186  205
  216  217  209  192  172  154  144  139  133
    70.0-180.0 180.0   5.0 450.0                            LAT/LON1/LON2/DLON/H
  157  135  107   89   83   80   71   58   48   48   57   71   85   97   99   92
   82   71   59   49   39   29   25   33   46   56   61   66   75   86   96  102
  106  106  103   97   89   84   85   90   97  102   99   93   86   78   70   64
   60   56   52   50   55   65   75   84   93  104  120  140  161  181  200  218
  232  236  229  213  196  182  175  169  157
    67.5-180.0 180.0   5.0 450.0                            LAT/LON1/LON2/DLON/H
  168  146  123  106   96   86   74   60   50   48   53   63   73   81   83   79
   74   73   72   68   60   51   48   58   74   83   90   98  109  118  121  123
  125  122  115  106   98   93   91   93   96   97   94   88   81   73   65   59
   55   51   47   48   57   70   84   94  105  120  139  160  180  196  211  227
  241  247  241  226  211  201  194  184  168
    65.0-180.0 180.0   5.0 450.0                            LAT/LON1/LON2/DLON/H
  171  152  133  117  102   89   75   62   52   48   50   56   64   71   74   72
   69   69   73   74   70   66   68   80   92   98  103  111  118  123  125  127
  131  128  121  112  103   96   92   90   90   88   84   78   70   62   55   51
   48   46   46   51   62   77   94  110  125  141  159  176  190  202  213  226
  237  243  238  226  215  207  199  187  171
    62.5-180.0 180.0   5.0 450.0                            LAT/LON1/LON2/DLON/H
  174  157  141  125  108   92   78   65   55   50   49   52   58   65   70   70
   68   68   70   71   69   67   71   80   90   96  101  106  111  113  114  120
  125  125  117  107   97   88   82   77   73   69   65   60   54   48   44   42
   42   43   47   56   69   86  107  127  145  160  173  184  193  202  209  217
  224  228  226  219  212  207  200  189  174
    60.0-180.0 180.0   5.0 450.0                            LAT/LON1/LON2/DLON/H
  181  166  150  132  114   97   83   71   61   54   51   52   56   63   69   72
   70   69   69   69   68   67   69   74   79   84   87   90   91   92   94   99
  105  103   94   83   74   66   60   55   51   48   46   44   41   38   37   37
   39   43   49   60   74   94  117  141  161  175  184  191  197  202  206  208
  211  214  215  214  212  210  204  194  181
    57.5-180.0 180.0   5.0 450.0                            LAT/LON1/LON2/DLON/H
  191  177  160  142  123  106   92   80   69   61   57   55   58   63   69   73
   73   71   70   69   68   69   70   71   72   72   71   69   67   66   67   70
   71   68   60   54   49   46   43   40   39   38   37   36   35   34   34   35
   38   43   51   63   80  101  127  153  175  191  200  205  208  210  209  207
  207  209  211  213  215  215  211  203  191
    55.0-180.0 180.0   5.0 450.0                            LAT/LON1/LON2/DLON/H
  200  186  170  153  135  119  105   92   81   71   65   61   61   64   68   72
   74   73   71   70   70   71   72   72   71   68   63   57   53   51   50   51
   50   48   45   43   42   41   39   38   37   37   37   36   36   35   34   36
   39   45   55   69   88  112  139  166  189  207  218  224  226  225  221  216
  213  213  214  216  217  218  216  210  200
    52.5-180.0 180.0   5.0 450.0                            LAT/LON1/LON2/DLON/H
  206  193  178  163  150  136  122  108   94   83   74   69   66   66   68   70
   72   72   70   69   70   71   72   72   71   68   63   58   53   50   49   49
   49   49   48   47   46   46   44   42   42   42   42   41   41   40   40   41
   46   54   66   82  103  128  155  180  203  222  235  241  243  240  235  229
  224  223  223  222  221  221  220  215  206
    50.0-180.0 180.0   5.0 450.0                            LAT/LON1/LON2/DLON/H
  212  199  186  176  166  154  139  124  109   95   84   77   73   71   70   70
   71   69   67   67   68   70   70   70   69   68   66   63   60   58   58   58
   58   57   56   56   55   54   53   51   49   49   48   48   48   48   50   53
   61   72   87  105  126  149  173  196  217  235  249  257  259  255  249  243
  237  236  235  233  231  229  227  222  212
    47.5-180.0 180.0   5.0 450.0                            LAT/LON1/LON2/DLON/H
  222  207  196  190  183  170  153  137  121  106   94   85   79   76   74   73
   72   69   67   66   67   68   68   68   67   67   67   67   67   68   69   68
   67   66   65   65   64   63   62   60   58   57   56   56   56   58   61   67
   77   92  109  127  147  168  190  211  229  246  260  270  274  272  266  258
  252  250  250  249  247  246  243  235  222
    45.0-180.0 180.0   5.0 450.0                            LAT/LON1/LON2/DLON/H
  238  218  208  204  196  181  164  147  130  115  101   91   84   81   78   77
   75   72   69   68   67   68   68   67   66   66   67   69   72   75   76   75
   74   73   72   72   72   71   69   68   66   64   63   62   63   65   68   76
   87  103  121  139  159  180  200  219  236  252  267  280  289  291  285  276
  269  267  266  266  267  267  265  255  238
    42.5-180.0 180.0   5.0 450.0                            LAT/LON1/LON2/DLON/H
  257  236  221  214  203  189  172  155  137  121  106   95   88   83   81   80
   79   76   73   71   70   69   69   69   69   69   70   73   76   79   81   81
   80   80   79   79   78   77   76   74   72   70   68   68   69   71   75   82
   94  110  128  147  167  187  206  224  241  257  275  291  303  309  307  301
  293  288  286  286  287  289  286  276  257
    40.0-180.0 180.0   5.0 450.0                            LAT/LON1/LON2/DLON/H
  282  261  238  221  208  194  179  161  143  125  110   97   89   85   84   83
   83   81   79   76   75   74   75   75   76   77   80   83   85   86   86   86
   85   85   86   85   84   83   81   80   78   75   74   74   74   77   81   88
  100  116  135  154  175  195  213  231  250  271  292  309  321  327  329  327
  321  314  308  305  305  305  303  296  282
    37.5-180.0 180.0   5.0 450.0                            LAT/LON1/LON2/DLON/H
  309  290  256  229  213  200  184  167  148  130  113  100   91   87   86   87
   88   88   86   84   83   83   84   86   89   93   97   99   98   96   94   92
   91   90   90   90   89   88   86   85   83   81   80   80   80   82   86   94
  106  123  144  166  188  208  227  246  269  293  314  329  336  340  341  342
  340  333  323  314  311  312  314  315  309
    35.0-180.0 180.0   5.0 450.0                            LAT/LON1/LON2/DLON/H
  332  317  276  239  219  204  189  171  153  134  118  104   95   92   91   92
   94   94   94   92   92   93   95  100  105  110  112  112  111  108  104   99
   96   94   94   94   93   92   91   89   87   85   85   85   86   88   92   99
  113  134  159  184  207  227  245  265  287  308  324  335  341  343  345  347
  349  344  334  322  315  317  324  331  332
    32.5-180.0 180.0   5.0 450.0                            LAT/LON1/LON2/DLON/H
  353  341  300  258  231  212  193  173  155  139  124  112  105  101   99   99
   99  100  100  100  101  103  106  111  117  121  121  120  119  116  112  106
  101   99   98   97   97   96   94   92   90   88   88   89   91   93   97  106
  124  148  175  201  223  242  258  274  292  310  325  334  340  342  345  348
  353  354  349  340  334  336  342  349  353
    30.0-180.0 180.0   5.0 450.0                            LAT/LON1/LON2/DLON/H
  390  387  357  310  268  233  203  177  157  142  132  126  121  116  111  107
  106  106  108  109  112  114  117  122  126  129  128  125  124  122  118  113
  108  104  101   99   99   99   97   95   92   91   91   93   95   97  103  116
  137  163  188  212  234  252  264  277  293  310  325  335  341  344  345  349
  357  365  369  371  373  374  377  383  390
    27.5-180.0 180.0   5.0 450.0                            LAT/LON1/LON2/DLON/H
  467  473  453  407  349  290  234  191  163  149  145  143  140  134  126  119
  115  114  116  119  123  127  129  132  134  135  134  132  129  126  123  119
  116  112  107  103  101  101  101   98   95   94   95   96   98  101  110  127
  150  174  198  222  245  262  271  281  295  313  329  342  350  353  354  359
  372  388  402  413  422  430  437  450  467
    25.0-180.0 180.0   5.0 450.0                            LAT/LON1/LON2/DLON/H
  542  544  530  497  446  378  300  233  190  169  161  159  156  149  141  133
  127  124  124  129  134  138  140  141  141  141  140  138  135  132  130  130
  129  126  119  112  108  107  106  104  100   98   97   97   98  104  120  142
  167  192  218  244  269  283  291  299  312  330  349  365  374  380  387  406
  436  464  480  489  496  504  514  528  542
    22.5-180.0 180.0   5.0 450.0                            LAT/LON1/LON2/DLON/H
  594  594  582  558  520  462  379  296  240  208  188  175  167  160  153  146
  140  136  135  137  141  145  147  147  146  146  145  144  142  140  141  144
  147  146  139  130  122  118  115  111  106  100   94   88   89  102  128  158
  187  216  247  278  305  323  335  345  361  382  404  421  435  450  478  517
  555  577  584  586  586  584  584  588  594
    20.0-180.0 180.0   5.0 450.0                            LAT/LON1/LON2/DLON/H
  642  640  628  609  584  544  467  372  307  265  230  200  181  169  161  157
  155  153  150  146  146  149  151  152  151  151  151  151  151  151  153  159
  164  163  155  145  137  131  127  122  113   95   77   71   78   96  124  156
  189  223  261  299  329  353  370  387  409  438  466  489  510  537  569  597
  613  620  624  629  636  639  638  639  642
    17.5-180.0 180.0   5.0 450.0                            LAT/LON1/LON2/DLON/H
  688  687  678  666  657  648  604  499  407  345  293  244  206  183  172  170
  172  174  173  166  159  157  159  160  161  161  161  161  161  163  168  174
  176  171  161  151  144  139  136  130  112   78   64   67   78   97  123  151
  181  214  257  303  339  363  380  398  424  458  492  520  546  575  601  616
  622  624  628  639  658  672  678  683  688
    15.0-180.0 180.0   5.0 450.0                            LAT/LON1/LON2/DLON/H
  725  733  731  729  740  765  766  681  561  465  387  316  255  214  195  190
  193  201  209  207  196  186  181  179  178  177  176  176  177  182  192  195
  189  178  165  153  146  141  138  130  100   69   65   71   83  103  128  156
  183  213  254  301  339  362  379  399  428  465  499  529  556  584  606  617
  620  620  624  638  665  690  703  713  725
    12.5-180.0 180.0   5.0 450.0                            LAT/LON1/LON2/DLON/H
  746  765  774  783  809  851  875  833  735  626  523  425  337  272  238  226
  227  239  257  266  258  241  225  214  207  203  201  200  203  212  218  213
  199  182  167  154  145  139  135  126   93   74   74   79   92  113  140  168
  196  225  260  299  331  356  377  401  433  466  497  524  550  579  601  612
  614  612  615  628  657  688  707  724  746
    10.0-180.0 180.0   5.0 450.0                            LAT/LON1/LON2/DLON/H
  747  776  792  807  838  885  921  918  870  788  681  558  438  352  304  283
  277  284  297  304  303  293  277  261  249  242  240  239  239  241  237  223
  202  180  162  148  139  133  129  123  104   87   85   89  102  127  156  185
  212  239  268  296  322  346  373  405  436  461  483  505  531  560  587  601
  605  603  604  613  635  665  690  716  747
     7.5-180.0 180.0   5.0 450.0                            LAT/LON1/LON2/DLON/H
  728  764  780  790  818  865  915  946  947  907  817  677  528  430  381  356
  336  318  308  308  313  317  314  306  300  299  295  283  268  257  246  228
  204  179  160  146  136  129  127  127  126  109   98   98  113  142  174  202
  227  251  276  297  316  338  371  407  432  449  464  482  504  532  561  582
  591  593  595  600  612  632  657  688  728
     5.0-180.0 180.0   5.0 450.0                            LAT/LON1/LON2/DLON/H
  688  726  739  739  755  793  850  912  959  967  905  759  590  490  450  422
  378  323  291  284  291  300  306  314  326  330  317  296  273  257  246  232
  212  190  170  153  140  133  133  141  150  143  121  112  124  154  186  212
  236  260  282  300  317  339  369  399  420  434  448  464  483  507  533  556
  572  582  588  594  599  607  622  648  688
     2.5-180.0 180.0   5.0 450.0                            LAT/LON1/LON2/DLON/H
  644  672  681  675  676  695  738  808  893  953  927  794  624  517  466  412
  327  244  205  198  201  203  211  236  269  288  287  274  259  250  248  245
  232  212  190  167  150  143  148  159  170  167  147  134  141  162  187  209
  235  263  286  304  323  345  368  390  406  420  435  453  472  494  516  537
  554  569  581  591  598  603  608  620  644
