tests/test_data/ionex_file.00i
     1.0            IONOSPHERE MAPS     GPS                 IONEX VERSION / TYPE
map2ionex           gAGE/UPC            7 January 2000 06:08PGM / RUN BY / DATE
Preliminary product                                         COMMENT
Global ionosphere maps for day 001, 2000                    DESCRIPTION
Modeled independently for each station with a tomographic   DESCRIPTION
model: 72x9x2 cells in local time, latitude and height      DESCRIPTION
The height boundaries are: 59-739-1419 km                   DESCRIPTION
The estimates have been interpolated                        DESCRIPTION
with radial basis functions (spatial smooth: 2 pixels)      DESCRIPTION
See for instance: Hernandez-Pajares, Juan, Sanz and Sole,   DESCRIPTION
JGR, Vol.103, N.A9, 20789-20796, 1998                       DESCRIPTION
Contact e-mail: manuel@mat.upc.es  Plots at:                DESCRIPTION
http://maite152.upc.es/~ionex/gAGE_dip/gAGE_dip.html        DESCRIPTION
  2000     1     1     1     0     0                        EPOCH OF FIRST MAP
  2000     1     1    22    59    60                        EPOCH OF LAST MAP
  7200                                                      INTERVAL
    12                                                      # OF MAPS IN FILE
  NONE                                                      MAPPING FUNCTION
     0.0                                                    ELEVATION CUTOFF
Phase differences (L1-L2)                                   OBSERVABLES USED
    76                                                      # OF STATIONS
    28                                                      # OF SATELLITES
  6371.0                                                    BASE RADIUS
     2                                                      MAP DIMENSION
   450.0 450.0   0.0                                        HGT1 / HGT2 / DHGT
    87.5 -87.5  -2.5                                        LAT1 / LAT2 / DLAT
  -180.0 180.0   5.0                                        LON1 / LON2 / DLON
    -1                                                      EXPONENT
TEC values in 0.1 tec units;  9999, if no value available   COMMENT
DIFFERENTIAL CODE BIASES: DCBs vanish                       COMMENT
in our approach, so we can compute them                     COMMENT
as post-fit residuals                                       COMMENT
IGS GPS stations used in the computations:                  COMMENT
acor ais1 alac alic areq artu asc1 auck bjfs brmu cas1 cedu COMMENT
chat cord dgar eisl flin fort glsv guam gus1 gwen hofn hrao COMMENT
htv1 iisc irkt kabr kerg kiru kour lamp lhas lkhu mac1 mag0 COMMENT
mas1 mcm4 mia3 noum nrc2 ntus pck1 pert petp pimo pot3 pur3 COMMENT
reyk sats sch2 sele sfer shld suaa suth thti thu1 tixi tubi COMMENT
unpg upo1 usud whn1 wil1 will wrhs wsrt wtzt wuhn yakz yar1 COMMENT
yell yssk zeck zwen                                         COMMENT
                                                            END OF HEADER
[from data line 2574]
     7                                                      START OF TEC MAP
  2000     1     1    13     0     0                        EPOCH OF CURRENT MAP
    87.5-180.0 180.0   5.0 450.0                            LAT/LON1/LON2/DLON/H
  110  106   99   78   44   20    5    0    0    0    0    0   27   63   97  122
  135  127  103   76   61   61   71   69   39    0    0    0   17   29   43   68
  101  138  181  218  226  200  159  121  104  100   85 9999 9999 9999 9999   51
   53   46   33   23   29   54   81   96  101  103  100   90   83   84   84   75
   56   39   51   88  113  116  114  113  110
    85.0-180.0 180.0   5.0 450.0                            LAT/LON1/LON2/DLON/H
  104   99   91   74   50   32   19    0    0    0    0    0   26   55   77   87
   90   83   67   51   45   51   59   57   36    6    0    0   12   24   35   54
   84  123  166  196  191  160  129  112  106   99   79 9999 9999 9999 9999   30
   42   47   40   30   33   54   79   95  102  105  102   92   86   87   88   80
   60   41   49   82  106  111  110  109  104
    82.5-180.0 180.0   5.0 450.0                            LAT/LON1/LON2/DLON/H
   94   85   76   65   49   36   23    3    0    0    0    3   22   43   56   57
   53   46   35   28   32   42   51   52   40   17    0    0    9   20   27   36
   58   93  131  151  147  135  125  115  104   89   71 9999 9999 9999 9999   20
   33   46   48   40   40   55   77   93  100  102  100   91   86   89   92   85
   64   45   49   75   95  100  100   99   94
    80.0-180.0 180.0   5.0 450.0                            LAT/LON1/LON2/DLON/H
   81   71   62   55   47   38   27   11    0    0    0    6   17   30   37   36
   31   25   17   15   22   34   44   48   44   27    8    1    9   20   23   25
   40   71  105  128  138  139  132  119  100   80   66   57   46   30   20   22
   32   43   52   51   50   59   76   88   93   93   91   86   83   88   92   86
   69   53   53   68   79   83   85   86   81
    77.5-180.0 180.0   5.0 450.0                            LAT/LON1/LON2/DLON/H
   72   64   55   50   46   42   36   27   18   11   10   13   17   21   23   22
   19   14    8    7   15   26   35   42   41   30   14    8   14   24   27   29
   46   75  105  128  141  143  136  120   98   77   66   60   52   40   30   30
   35   43   53   60   60   65   74   81   82   81   80   77   77   81   86   82
   71   60   58   63   67   68   72   75   72
    75.0-180.0 180.0   5.0 450.0                            LAT/LON1/LON2/DLON/H
   69   62   54   49   46   46   45   42   37   31   29   31   29   23   17   14
   11    8    4    4   10   19   27   34   36   30   22   22   33   45   52   59
   74   96  116  133  142  143  137  121   99   79   68   63   56   45   37   36
   40   44   52   60   64   67   70   72   72   71   71   70   70   72   76   74
   68   63   61   62   61   62   66   70   69
    72.5-180.0 180.0   5.0 450.0                            LAT/LON1/LON2/DLON/H
   66   60   53   48   48   50   50   50   49   47   47   51   50   39   25   15
   11    7    4    5   10   18   25   32   38   41   46   62   84  101  107  107
  112  122  132  141  145  144  137  123  102   84   73   66   58   49   43   41
   43   47   51   57   60   62   63   64   65   65   64   63   63   64   66   65
   62   61   61   61   61   62   65   68   66
    70.0-180.0 180.0   5.0 450.0                            LAT/LON1/LON2/DLON/H
   58   54   50   48   49   51   52   53   53   53   54   57   58   53   43   35
   30   25   20   19   23   30   38   48   60   72   88  110  131  142  141  138
  140  146  151  154  153  148  141  127  108   91   79   70   62   54   48   47
   48   51   53   54   54   54   55   56   57   58   58   56   56   56   57   56
   55   55   57   58   58   58   59   60   58
    67.5-180.0 180.0   5.0 450.0                            LAT/LON1/LON2/DLON/H
   48   48   47   48   50   51   52   54   55   55   55   55   55   54   50   49
   49   49   47   47   50   55   64   77   91  103  116  133  147  154  154  153
  157  164  168  168  164  157  148  135  119  103   91   81   71   64   59   58
   59   60   58   54   49   47   47   48   49   50   50   49   47   47   47   47
   47   48   49   50   49   48   48   48   48
    65.0-180.0 180.0   5.0 450.0                            LAT/LON1/LON2/DLON/H
   42   44   46   48   49   50   51   53   55   55   55   54   52   50   49   49
   51   53   55   58   63   69   80   95  108  118  128  140  151  158  160  163
  169  176  181  181  176  168  159  149  136  124  113  104   94   86   81   79
   78   74   66   57   49   44   42   42   42   43   43   42   41   40   41   41
   41   42   42   42   41   40   39   40   42
    62.5-180.0 180.0   5.0 450.0                            LAT/LON1/LON2/DLON/H
   40   43   45   47   48   49   50   52   54   55   54   53   51   49   47   46
   47   48   50   54   59   67   80   98  114  126  135  145  154  161  166  172
  179  186  191  191  187  181  175  168  161  153  146  137  126  116  108  103
   96   85   73   61   52   46   43   41   40   40   40   40   39   39   40   40
   40   40   40   40   39   37   37   38   40
    60.0-180.0 180.0   5.0 450.0                            LAT/LON1/LON2/DLON/H
   41   43   45   46   47   48   48   50   52   54   53   52   50   48   46   45
   44   44   46   48   53   60   73   92  113  130  142  151  160  167  174  180
  188  194  197  196  193  190  188  185  180  173  166  157  146  135  124  115
  104   91   77   66   56   50   46   44   42   41   41   42   42   42   42   42
   41   41   42   42   41   40   39   39   41
    57.5-180.0 180.0   5.0 450.0                            LAT/LON1/LON2/DLON/H
   44   45   46   46   46   47   47   49   51   52   52   51   50   48   47   45
   44   44   44   46   50   57   68   86  108  129  145  156  165  172  179  185
  191  196  197  195  194  193  194  191  186  178  170  162  152  141  130  119
  107   94   82   71   62   56   52   49   48   47   48   48   48   48   48   46
   45   46   46   47   47   46   45   44   44
    55.0-180.0 180.0   5.0 450.0                            LAT/LON1/LON2/DLON/H
   49   48   47   46   46   46   46   47   48   49   49   49   49   48   48   47
   46   45   45   47   52   59   71   87  108  129  147  161  171  177  182  186
  190  193  194  194  194  195  195  193  187  179  171  162  153  142  131  121
  110   99   87   77   68   63   58   56   55   55   55   56   55   55   54   52
   51   51   52   53   54   53   51   50   49
    52.5-180.0 180.0   5.0 450.0                            LAT/LON1/LON2/DLON/H
   53   51   49   47   46   45   44   45   46   46   47   47   47   48   48   49
   49   49   50   53   59   69   83  100  120  141  161  176  187  192  194  195
  195  196  197  198  199  200  200  196  190  183  175  166  155  145  134  125
  115  105   95   85   76   70   66   63   61   61   60   60   60   59   58   57
   57   57   58   59   59   58   56   54   53
    50.0-180.0 180.0   5.0 450.0                            LAT/LON1/LON2/DLON/H
   56   54   51   48   46   45   45   45   45   46   46   46   48   49   51   53
   54   56   60   65   75   88  105  123  145  166  186  202  212  217  217  214
  211  208  208  209  211  211  210  206  201  194  186  177  165  154  143  133
  123  114  104   93   85   79   74   69   66   64   63   62   62   61   61   61
   62   63   64   64   64   62   60   58   56
    47.5-180.0 180.0   5.0 450.0                            LAT/LON1/LON2/DLON/H
   59   57   54   50   48   47   48   49   49   50   50   50   52   55   57   58
   61   64   70   79   91  108  126  146  168  189  207  221  230  234  233  230
  226  223  223  224  225  225  224  221  217  211  203  194  182  169  157  145
  134  123  112  101   92   84   79   74   70   67   65   64   64   63   63   65
   67   68   69   69   68   67   64   62   59
    45.0-180.0 180.0   5.0 450.0                            LAT/LON1/LON2/DLON/H
   64   61   58   54   52   52   54   56   57   57   57   58   60   62   63   64
   65   69   76   87  102  119  137  158  180  200  217  230  239  242  241  238
  235  233  234  235  235  235  235  234  232  227  219  210  199  186  172  158
  145  132  119  107   96   88   82   77   72   69   68   67   67   67   67   68
   71   72   74   74   73   71   69   67   64
    42.5-180.0 180.0   5.0 450.0                            LAT/LON1/LON2/DLON/H
   71   68   64   61   60   60   61   63   64   65   65   66   67   69   69   68
   69   73   82   94  109  127  145  165  186  207  224  236  244  247  246  243
  240  239  241  242  241  240  241  241  241  238  232  223  213  200  185  169
  154  140  126  113  101   91   83   78   73   70   69   70   71   71   72   73
   75   76   77   78   78   77   76   74   71
    40.0-180.0 180.0   5.0 450.0                            LAT/LON1/LON2/DLON/H
   80   76   73   71   69   68   69   70   70   71   72   73   74   74   74   73
   74   79   90  104  121  140  159  178  197  217  232  244  251  254  252  248
  245  245  246  246  245  244  243  245  247  247  244  237  227  214  198  182
  165  150  135  122  108   96   87   80   75   73   73   74   75   76   77   78
   79   80   81   82   82   82   83   82   80
    37.5-180.0 180.0   5.0 450.0                            LAT/LON1/LON2/DLON/H
   87   85   83   81   79   76   75   74   75   76   77   78   79   80   80   80
   83   90  103  120  140  162  182  199  215  229  241  251  258  261  260  255
  252  251  251  251  249  247  247  249  253  256  256  251  242  230  215  198
  181  165  149  134  120  106   94   86   80   77   77   79   80   80   80   81
   82   84   84   84   85   86   87   88   87
    35.0-180.0 180.0   5.0 450.0                            LAT/LON1/LON2/DLON/H
   91   90   89   88   86   83   81   79   79   79   80   81   84   87   89   91
   96  105  120  139  162  184  203  218  229  239  247  256  265  269  268  264
  261  259  258  257  254  252  253  256  261  265  267  264  257  246  232  217
  201  184  165  148  132  118  105   94   87   82   81   81   82   83   83   83
   84   85   86   86   87   88   90   91   91
    32.5-180.0 180.0   5.0 450.0                            LAT/LON1/LON2/DLON/H
   93   92   91   91   91   89   87   86   85   85   84   85   88   93   97  102
  108  119  135  156  177  198  216  229  238  245  252  261  271  277  278  275
  272  269  268  266  263  262  263  266  271  275  278  277  272  263  249  234
  217  198  177  158  142  128  116  104   96   89   85   84   84   84   84   85
   85   86   87   87   88   89   91   93   93
    30.0-180.0 180.0   5.0 450.0                            LAT/LON1/LON2/DLON/H
   93   90   88   90   91   92   93   94   94   92   89   89   92   98  104  111
  119  132  149  168  189  208  224  236  245  252  258  267  277  285  288  287
  285  283  282  281  281  281  282  283  285  288  292  294  292  283  268  247
  225  205  184  166  151  138  126  116  106   99   93   89   88   87   87   87
   88   89   89   89   90   91   93   94   93
    27.5-180.0 180.0   5.0 450.0                            LAT/LON1/LON2/DLON/H
   92   85   82   84   87   91   95  100  103  101   97   95   97  103  110  118
  129  143  161  181  199  217  231  243  252  259  267  275  285  293  298  300
  300  300  301  306  312  315  315  312  308  308  313  321  324  315  292  262
  235  215  196  179  166  154  142  132  122  113  106  101   97   95   94   94
   95   96   96   95   95   96   97   97   92
    25.0-180.0 180.0   5.0 450.0                            LAT/LON1/LON2/DLON/H
   95   88   84   84   87   90   96  103  107  108  105  102  104  110  117  126
  139  155  175  194  212  228  241  252  261  268  275  283  291  299  307  312
  316  320  325  335  346  356  358  352  343  339  345  359  366  357  329  297
  275  255  234  215  200  188  177  167  157  148  141  136  133  130  127  124
  121  119  115  111  108  107  106  102   95
    22.5-180.0 180.0   5.0 450.0                            LAT/LON1/LON2/DLON/H
  106  101   98   97   96   97   99  104  108  109  108  108  111  117  125  135
  150  168  188  208  226  241  253  263  271  277  281  287  294  303  312  322
  332  344  356  365  375  385  393  393  387  384  393  410  421  417  404  394
  383  361  330  299  275  260  251  243  237  234  237  239  235  227  214  197
  181  168  156  143  131  123  118  112  106
    20.0-180.0 180.0   5.0 450.0                            LAT/LON1/LON2/DLON/H
  125  123  124  121  115  108  106  106  107  108  108  110  114  121  130  142
  159  179  200  221  239  254  265  275  281  285  287  291  297  305  315  329
  348  371  392  400  400  406  420  437  456  475  495  513  521  514  499  482
  467  450  426  396  367  348  339  336  337  342  347  347  337  318  290  258
  229  208  191  173  155  141  133  128  125
    17.5-180.0 180.0   5.0 450.0                            LAT/LON1/LON2/DLON/H
  149  152  156  152  139  125  115  111  110  110  110  112  116  122  129  143
  163  187  210  231  249  263  274  282  287  290  290  293  298  305  316  332
  354  382  409  423  425  436  469  511  546  569  581  587  585  571  545  519
  498  479  458  433  405  386  381  386  393  398  396  388  373  351  319  280
  246  223  207  192  175  160  152  149  149
    15.0-180.0 180.0   5.0 450.0                            LAT/LON1/LON2/DLON/H
  173  179  185  181  166  147  130  120  118  120  120  120  120  122  128  142
  165  192  218  239  255  268  276  282  285  285  286  288  293  301  312  328
  349  373  396  414  434  474  524  555  574  587  595  599  597  588  567  540
  512  487  462  434  408  389  384  394  407  412  407  395  379  356  325  286
  252  230  217  206  192  179  171  169  173
    12.5-180.0 180.0   5.0 450.0                            LAT/LON1/LON2/DLON/H
  189  197  203  202  191  174  154  138  134  136  137  133  127  125  132  147
  171  198  222  240  253  261  267  270  271  272  275  279  285  293  304  320
  338  355  371  389  422  492  542  563  577  588  596  600  599  591  577  554
  524  491  461  433  406  385  377  383  393  397  393  383  370  350  323  291
  260  238  226  218  208  197  188  186  189
    10.0-180.0 180.0   5.0 450.0                            LAT/LON1/LON2/DLON/H
  198  204  212  213  208  197  180  160  152  153  152  143  132  129  139  156
  180  204  224  234  239  244  247  251  255  260  266  273  283  293  305  318
  333  348  363  383  423  503  551  567  579  589  596  599  597  590  579  562
  534  499  467  438  411  386  371  364  362  360  359  357  351  339  320  296
  270  249  236  228  222  215  206  199  198
     7.5-180.0 180.0   5.0 450.0                            LAT/LON1/LON2/DLON/H
  206  207  212  215  213  208  197  177  164  161  155  142  130  130  143  162
  184  206  219  223  225  229  234  240  247  255  265  277  292  305  316  328
  343  362  387  424  489  568  592  591  593  597  599  598  594  588  578  564
  542  512  484  457  428  398  373  355  342  334  330  331  331  326  314  297
  277  258  245  236  232  230  224  213  206
     5.0-180.0 180.0   5.0 450.0                            LAT/LON1/LON2/DLON/H
  215  208  207  205  202  198  193  178  164  155  144  131  123  128  144  163
  184  202  212  215  219  225  231  240  249  260  274  292  310  325  338  353
  374  404  446  508  590  664  691  676  654  635  618  605  595  588  580  568
  552  535  516  492  459  422  389  362  342  330  323  320  319  314  303  289
  274  261  250  242  237  237  235  226  215
     2.5-180.0 180.0   5.0 450.0                            LAT/LON1/LON2/DLON/H
  222  210  198  185  173  164  160  154  146  139  131  126  125  134  151  170
  187  201  209  215  220  227  236  248  262  278  297  318  339  357  378  406
  440  478  523  580  643  695  724  721  698  672  647  627  611  601  591  580
  570  559  546  522  486  445  408  376  353  338  329  322  316  305  290  277
  266  256  247  239  233  232  234  231  222
