tests/test_data/ionex_file.00i
     1.0            IONOSPHERE MAPS     GPS                 IONEX VERSION / TYPE
map2ionex           gAGE/UPC            7 January 2000 06:08PGM / RUN BY / DATE
Preliminary product                                         COMMENT
Global ionosphere maps for day 001, 2000                    DESCRIPTION
Modeled independently for each station with a tomographic   DESCRIPTION
model: 72x9x2 cells in local time, latitude and height      DESCRIPTION
The height boundaries are: 59-739-1419 km                   DESCRIPTION
The estimates have been interpolated                        DESCRIPTION
with radial basis functions (spatial smooth: 2 pixels)      DESCRIPTION
See for instance: Hernandez-Pajares, Juan, Sanz and Sole,   DESCRIPTION
JGR, Vol.103, N.A9, 20789-20796, 1998                       DESCRIPTION
Contact e-mail: manuel@mat.upc.es  Plots at:                DESCRIPTION
http://maite152.upc.es/~ionex/gAGE_dip/gAGE_dip.html        DESCRIPTION
  2000     1     1     1     0     0                        EPOCH OF FIRST MAP
  2000     1     1    22    59    60                        EPOCH OF LAST MAP
  7200                                                      INTERVAL
    12                                                      # OF MAPS IN FILE
  NONE                                                      MAPPING FUNCTION
     0.0                                                    ELEVATION CUTOFF
Phase differences (L1-L2)                                   OBSERVABLES USED
    76                                                      # OF STATIONS
    28                                                      # OF SATELLITES
  6371.0                                                    BASE RADIUS
     2                                                      MAP DIMENSION
   450.0 450.0   0.0                                        HGT1 / HGT2 / DHGT
    87.5 -87.5  -2.5                                        LAT1 / LAT2 / DLAT
  -180.0 180.0   5.0                                        LON1 / LON2 / DLON
    -1                                                      EXPONENT
TEC values in 0.1 tec units;  9999, if no value available   COMMENT
DIFFERENTIAL CODE BIASES: DCBs vanish                       COMMENT
in our approach, so we can compute them                     COMMENT
as post-fit residuals                                       COMMENT
IGS GPS stations used in the computations:                  COMMENT
acor ais1 alac alic areq artu asc1 auck bjfs brmu cas1 cedu COMMENT
chat cord dgar eisl flin fort glsv guam gus1 gwen hofn hrao COMMENT
htv1 iisc irkt kabr kerg kiru kour lamp lhas lkhu mac1 mag0 COMMENT
mas1 mcm4 mia3 noum nrc2 ntus pck1 pert petp pimo pot3 pur3 COMMENT
reyk sats sch2 sele sfer shld suaa suth thti thu1 tixi tubi COMMENT
unpg upo1 usud whn1 wil1 will wrhs wsrt wtzt wuhn yakz yar1 COMMENT
yell yssk zeck zwen                                         COMMENT
                                                            END OF HEADER
[from data line 3003]
     8                                                      START OF TEC MAP
  2000     1     1    15     0     0                        EPOCH OF CURRENT MAP
    87.5-180.0 180.0   5.0 450.0                            LAT/LON1/LON2/DLON/H
   49   89  103   80   39   24   51   86  115  133  132  112   85   64   59   68
   72   52   12    0    0   12   26   37   58   89  125  166  208  229  214  178
  135   93   62   50   53   60   64 9999 9999 9999 9999 9999   65   74   79   91
  102  105  105  103   94   85   83   84   80   63   43   43   75  107  116  114
  113  111  107  104   91   66   38   27   49
    85.0-180.0 180.0   5.0 450.0                            LAT/LON1/LON2/DLON/H
   50   85  102   86   50   30   47   71   85   90   86   72   55   46   48   57
   60   45   15    0    0    8   20   30   46   73  110  153  192  204  181  142
  104   68   46   42   51   56   47 9999 9999 9999 9999 9999   73   91   95  100
  107  109  109  106   96   87   86   89   84   67   45   42   70  101  111  110
  109  106  101   95   83   63   41   31   50
    82.5-180.0 180.0   5.0 450.0                            LAT/LON1/LON2/DLON/H
   52   80   98   89   62   40   44   55   58   55   49   39   30   30   38   48
   53   45   25    4    0    4   16   24   31   48   79  120  152  154  128   98
   74   54   42   43   49   50   40   21   11   13   26   47   70   88   99  105
  111  112  109  104   95   87   88   92   89   72   50   44   65   90   99  100
  100   96   89   80   71   59   46   39   52
    80.0-180.0 180.0   5.0 450.0                            LAT/LON1/LON2/DLON/H
   55   74   91   89   71   54   47   44   39   33   28   20   15   20   30   41
   48   46   33   13    1    5   16   21   21   26   49   82  107  106   89   78
   73   67   57   51   50   49   42   29   23   27   37   50   64   78   88   98
  108  110  103   96   89   83   86   92   90   76   57   51   62   76   82   84
   86   83   75   66   60   56   51   48   55
    77.5-180.0 180.0   5.0 450.0                            LAT/LON1/LON2/DLON/H
   60   71   83   83   70   59   54   46   34   26   21   16   12   16   25   34
   40   43   34   18    6    8   16   19   15   15   31   58   78   83   83   90
   97   91   74   59   53   51   45   36   32   35   42   51   59   67   72   79
   91   98   93   85   80   77   79   85   85   75   63   58   62   66   68   70
   74   74   68   60   57   57   56   56   60
    75.0-180.0 180.0   5.0 450.0                            LAT/LON1/LON2/DLON/H
   64   72   78   73   60   54   52   48   40   32   28   24   21   21   25   29
   33   36   31   19   11   12   17   18   13   13   26   49   69   84  100  116
  120  109   88   69   60   54   47   40   37   39   45   51   57   60   62   65
   73   82   80   75   72   70   72   75   76   71   65   63   62   62   62   65
   70   72   68   63   60   61   62   62   64
    72.5-180.0 180.0   5.0 450.0                            LAT/LON1/LON2/DLON/H
   66   70   70   62   51   47   46   45   42   40   39   38   37   37   37   35
   33   32   29   22   18   21   25   26   24   28   45   68   90  110  128  138
  136  123  102   83   69   59   50   43   40   42   46   51   56   58   58   59
   63   67   66   64   64   63   64   67   68   66   64   64   63   62   61   65
   69   71   69   66   64   64   64   64   66
    70.0-180.0 180.0   5.0 450.0                            LAT/LON1/LON2/DLON/H
   60   62   61   55   48   44   42   41   40   39   40   41   44   48   51   50
   46   42   38   36   38   46   57   66   73   84  103  122  137  147  154  154
  148  135  118  100   82   66   54   47   44   44   48   52   56   58   57   56
   56   53   50   50   52   54   56   58   60   60   61   62   61   60   60   62
   65   67   66   63   61   60   59   58   60
    67.5-180.0 180.0   5.0 450.0                            LAT/LON1/LON2/DLON/H
   50   54   55   52   48   45   42   40   38   37   37   39   42   47   52   55
   56   57   60   64   73   91  111  127  135  144  155  166  173  174  172  166
  158  146  132  117   98   78   63   54   50   50   52   55   58   58   57   54
   50   43   38   37   41   44   46   49   52   54   54   54   54   53   52   53
   54   54   54   52   50   48   47   47   50
    65.0-180.0 180.0   5.0 450.0                            LAT/LON1/LON2/DLON/H
   44   48   51   51   49   46   43   40   37   35   35   36   38   42   47   51
   55   60   69   81   98  119  141  157  165  171  180  188  192  191  184  177
  168  157  145  131  114   94   78   68   63   62   63   63   62   59   55   50
   45   39   34   33   34   37   40   43   46   48   47   47   45   44   43   42
   42   42   41   40   39   38   39   40   44
    62.5-180.0 180.0   5.0 450.0                            LAT/LON1/LON2/DLON/H
   41   45   49   50   50   47   44   41   37   34   33   33   35   38   42   46
   51   58   70   86  106  128  151  168  179  187  195  202  204  201  194  186
  177  166  155  143  130  115  101   91   86   83   80   75   68   60   53   48
   44   40   36   35   35   36   39   42   44   44   44   42   41   40   39   38
   37   36   36   35   35   36   37   38   41
    60.0-180.0 180.0   5.0 450.0                            LAT/LON1/LON2/DLON/H
   42   45   48   50   50   48   45   42   38   34   32   32   33   36   40   44
   50   59   72   90  112  134  157  176  190  200  208  213  213  209  200  191
  182  173  163  154  145  135  125  115  108  101   93   83   72   61   54   49
   45   42   40   39   39   40   43   45   46   46   44   43   42   40   39   38
   37   37   37   37   38   39   40   41   42
    57.5-180.0 180.0   5.0 450.0                            LAT/LON1/LON2/DLON/H
   46   47   49   50   50   49   46   43   40   36   34   34   35   37   41   46
   54   64   79   98  120  142  163  182  197  209  218  222  220  212  201  191
  183  177  170  163  155  146  136  126  117  109   99   87   75   65   57   51
   47   45   43   43   44   47   49   51   52   51   49   48   47   46   45   44
   43   43   43   44   44   44   45   45   46
    55.0-180.0 180.0   5.0 450.0                            LAT/LON1/LON2/DLON/H
   50   50   50   51   50   49   47   45   42   40   38   38   38   41   46   53
   62   75   91  111  132  155  176  195  209  221  228  229  225  215  202  191
  185  181  176  168  159  150  140  130  120  111  101   91   80   70   61   55
   51   48   47   48   50   52   55   57   57   56   55   54   54   54   53   52
   52   51   51   51   50   50   50   50   50
    52.5-180.0 180.0   5.0 450.0                            LAT/LON1/LON2/DLON/H
   53   53   52   52   50   49   47   46   45   44   44   44   45   49   56   66
   77   91  109  131  154  179  202  222  236  245  247  243  234  221  207  197
  191  188  182  175  165  155  145  135  125  115  105   96   86   77   69   62
   58   55   54   54   56   58   59   60   60   60   60   60   60   60   60   59
   58   57   57   56   55   54   53   53   53
    50.0-180.0 180.0   5.0 450.0                            LAT/LON1/LON2/DLON/H
   56   56   55   53   51   49   48   49   49   50   52   53   57   63   73   86
  101  117  137  161  187  214  239  258  272  277  274  264  250  234  218  207
  201  198  193  187  179  170  159  147  136  124  114  104   95   87   79   74
   69   66   64   63   63   62   62   61   61   61   63   64   65   65   64   63
   62   61   60   59   58   57   57   57   56
    47.5-180.0 180.0   5.0 450.0                            LAT/LON1/LON2/DLON/H
   61   60   58   55   53   52   53   54   56   58   61   64   70   80   92  108
  125  144  167  191  217  242  265  283  293  296  289  277  262  245  229  217
  211  208  206  202  196  189  179  167  154  141  128  117  108   99   92   86
   81   76   73   70   68   67   65   63   62   64   66   68   68   68   68   67
   66   65   64   63   63   62   62   61   61
    45.0-180.0 180.0   5.0 450.0                            LAT/LON1/LON2/DLON/H
   67   65   62   60   58   58   60   62   63   64   67   72   79   90  105  122
  141  162  184  207  231  255  276  292  300  300  292  279  265  250  235  224
  219  217  216  214  210  204  196  185  172  158  145  132  121  111  103   96
   90   83   78   74   72   71   69   68   67   67   68   70   71   71   71   70
   70   69   69   68   68   68   68   67   67
    42.5-180.0 180.0   5.0 450.0                            LAT/LON1/LON2/DLON/H
   73   71   68   66   65   66   68   69   69   69   71   76   85   97  112  131
  150  171  193  216  239  261  281  295  303  302  293  281  267  253  239  229
  225  224  225  224  221  217  211  200  187  173  159  146  133  122  113  105
   97   89   82   77   75   74   74   74   73   71   70   71   72   73   73   74
   75   75   75   75   74   74   74   74   73
    40.0-180.0 180.0   5.0 450.0                            LAT/LON1/LON2/DLON/H
   79   77   74   73   73   74   76   76   74   73   75   81   90  104  121  140
  160  180  202  224  246  266  284  299  306  306  298  286  273  260  246  235
  231  231  233  234  233  230  225  216  203  188  173  159  145  133  123  113
  104   96   88   82   79   79   79   79   77   74   72   71   72   74   75   77
   79   81   82   82   82   82   81   81   79
    37.5-180.0 180.0   5.0 450.0                            LAT/LON1/LON2/DLON/H
   86   82   79   78   78   80   82   82   81   80   81   87   99  116  135  155
  174  194  214  234  253  270  286  300  309  310  304  295  285  272  257  245
  240  240  243  245  245  244  240  232  219  204  189  174  160  146  134  123
  114  105   96   89   85   84   82   80   78   75   73   72   73   74   76   79
   82   85   87   88   89   89   88   88   86
    35.0-180.0 180.0   5.0 450.0                            LAT/LON1/LON2/DLON/H
   90   87   84   81   81   83   86   89   90   90   91   98  112  131  152  171
  191  209  228  244  259  272  285  297  306  310  310  306  299  289  275  262
  254  253  255  258  259  258  254  246  234  219  203  189  174  160  146  133
  122  112  103   94   88   84   82   79   78   76   74   74   74   74   76   79
   83   87   89   91   91   91   91   91   90
    32.5-180.0 180.0   5.0 450.0                            LAT/LON1/LON2/DLON/H
   92   92   89   85   83   84   90   96  101  103  105  113  128  147  166  185
  204  222  238  252  264  275  285  296  304  310  314  316  315  309  298  287
  277  272  272  273  274  273  269  262  249  232  216  201  188  173  158  143
  128  115  104   95   88   84   81   79   78   77   76   75   75   75   76   78
   82   86   89   91   91   90   91   92   92
    30.0-180.0 180.0   5.0 450.0                            LAT/LON1/LON2/DLON/H
   93   95   94   89   83   83   91  101  110  115  119  128  142  160  178  197
  215  231  246  258  269  279  288  297  304  312  320  326  330  330  326  318
  308  299  293  292  293  294  292  285  270  249  229  213  200  184  167  150
  133  120  108   99   92   86   83   82   81   80   80   79   78   77   77   79
   82   85   88   89   89   87   88   90   93
    27.5-180.0 180.0   5.0 450.0                            LAT/LON1/LON2/DLON/H
   92   97   98   93   84   80   86  100  112  121  128  140  155  173  191  209
  225  240  253  265  276  285  292  299  307  316  325  335  344  349  350  348
  341  330  319  314  317  323  327  324  308  281  254  234  214  194  174  159
  145  133  123  114  104   97   92   89   88   87   87   86   84   82   81   82
   84   86   89   91   89   87   86   88   92
    25.0-180.0 180.0   5.0 450.0                            LAT/LON1/LON2/DLON/H
   95   98   99   95   87   78   78   91  107  121  134  150  169  189  208  224
  238  251  262  273  282  289  296  302  311  320  331  343  355  364  367  369
  367  358  347  342  347  360  371  372  357  328  300  277  247  217  199  188
  180  173  166  160  150  135  121  112  107  105  103  100   97   94   93   93
   94   96  100  103  102   98   94   93   95
    22.5-180.0 180.0   5.0 450.0                            LAT/LON1/LON2/DLON/H
  100  100  100   96   89   81   77   84  100  117  137  159  182  205  225  241
  253  264  274  282  289  294  300  307  315  325  335  348  363  375  380  382
  383  382  382  387  399  410  417  413  395  373  364  359  331  292  269  260
  255  252  251  253  250  233  203  176  158  147  140  134  128  123  121  121
  121  121  122  124  123  117  108  102  100
    20.0-180.0 180.0   5.0 450.0                            LAT/LON1/LON2/DLON/H
  104  101  100   97   92   85   81   86   98  115  138  165  193  219  239  255
  267  277  286  292  295  299  305  313  321  330  340  353  369  385  393  397
  402  412  435  470  497  500  482  454  428  420  433  435  412  375  345  329
  321  317  317  320  322  316  298  269  240  216  199  187  179  172  166  161
  157  153  149  145  138  129  119  109  104
    17.5-180.0 180.0   5.0 450.0                            LAT/LON1/LON2/DLON/H
  106  102  100   99   97   94   93   96  104  117  139  168  200  228  250  265
  277  287  295  299  301  304  310  317  325  334  344  356  374  393  406  414
  423  444  487  546  596  607  576  521  482  475  472  457  431  399  370  350
  341  337  336  337  338  336  330  317  295  269  247  233  225  218  209  198
  191  186  177  164  150  137  126  115  106
    15.0-180.0 180.0   5.0 450.0                            LAT/LON1/LON2/DLON/H
  109  103  101  103  106  108  111  111  113  122  143  174  208  238  259  274
  284  293  299  302  304  306  310  317  327  337  347  359  375  395  412  425
  439  464  509  569  626  650  628  580  538  510  486  459  430  399  371  350
  338  333  331  330  330  330  328  322  309  289  269  256  251  246  237  227
  218  210  197  178  159  144  132  120  109
    12.5-180.0 180.0   5.0 450.0                            LAT/LON1/LON2/DLON/H
  112  103  102  106  113  119  123  124  122  129  152  187  220  247  266  278
  285  291  294  297  300  303  307  314  325  337  349  361  375  394  412  429
  449  477  516  562  603  621  610  587  561  530  494  460  429  398  367  341
  324  313  307  306  309  314  317  315  306  291  274  263  260  258  254  246
  236  223  205  186  167  152  139  126  112
    10.0-180.0 180.0   5.0 450.0                            LAT/LON1/LON2/DLON/H
  114  103  101  105  112  120  124  126  127  137  167  205  232  251  263  270
  274  278  282  287  293  298  303  310  321  335  348  362  377  395  414  435
  462  495  527  554  577  591  592  583  567  541  503  466  433  399  362  329
  304  288  280  280  287  297  304  306  300  287  272  262  259  259  259  256
  246  230  211  192  175  159  145  129  114
     7.5-180.0 180.0   5.0 450.0                            LAT/LON1/LON2/DLON/H
  112  102   98  100  105  110  116  120  125  142  182  218  235  242  247  250
  254  260  267  275  285  296  305  313  322  334  349  367  386  407  433  468
  519  568  588  586  582  586  588  581  567  544  512  479  447  409  364  323
  295  279  272  272  277  286  295  298  291  280  268  260  256  255  255  255
  248  234  216  198  181  163  145  127  112
     5.0-180.0 180.0   5.0 450.0                            LAT/LON1/LON2/DLON/H
  107  100   95   93   93   95   99  104  114  143  190  217  225  226  229  234
  241  249  258  270  283  299  312  321  329  341  359  383  411  444  492  568
  650  688  684  662  635  619  612  598  578  553  530  510  489  454  403  353
  317  297  287  284  285  289  293  290  280  270  261  255  251  248  247  245
  241  232  219  202  182  159  136  118  107
     2.5-180.0 180.0   5.0 450.0                            LAT/LON1/LON2/DLON/H
   99   97   94   88   81   77   77   83  104  154  196  213  218  221  224  230
  238  249  262  275  292  309  322  332  342  358  383  416  453  500  566  645
  704  722  715  696  676  668  667  655  628  594  568  555  545  522  477  421
  369  335  316  308  305  305  300  288  274  263  254  247  241  236  231  227
  224  220  211  197  176  149  125  107   99
