tests/test_data/ionex_file.00i
     1.0            IONOSPHERE MAPS     GPS                 IONEX VERSION / TYPE
map2ionex           gAGE/UPC            7 January 2000 06:08PGM / RUN BY / DATE
Preliminary product                                         COMMENT
Global ionosphere maps for day 001, 2000                    DESCRIPTION
Modeled independently for each station with a tomographic   DESCRIPTION
model: 72x9x2 cells in local time, latitude and height      DESCRIPTION
The height boundaries are: 59-739-1419 km                   DESCRIPTION
The estimates have been interpolated                        DESCRIPTION
with radial basis functions (spatial smooth: 2 pixels)      DESCRIPTION
See for instance: Hernandez-Pajares, Juan, Sanz and Sole,   DESCRIPTION
JGR, Vol.103, N.A9, 20789-20796, 1998                       DESCRIPTION
Contact e-mail: manuel@mat.upc.es  Plots at:                DESCRIPTION
http://maite152.upc.es/~ionex/gAGE_dip/gAGE_dip.html        DESCRIPTION
  2000     1     1     1     0     0                        EPOCH OF FIRST MAP
  2000     1     1    22    59    60                        EPOCH OF LAST MAP
  7200                                                      INTERVAL
    12                                                      # OF MAPS IN FILE
  NONE                                                      MAPPING FUNCTION
     0.0                                                    ELEVATION CUTOFF
Phase differences (L1-L2)                                   OBSERVABLES USED
    76                                                      # OF STATIONS
    28                                                      # OF SATELLITES
  6371.0                                                    BASE RADIUS
     2                                                      MAP DIMENSION
   450.0 450.0   0.0                                        HGT1 / HGT2 / DHGT
    87.5 -87.5  -2.5                                        LAT1 / LAT2 / DLAT
  -180.0 180.0   5.0                                        LON1 / LON2 / DLON
    -1                                                      EXPONENT
TEC values in 0.1 tec units;  9999, if no value available   COMMENT
DIFFERENTIAL CODE BIASES: DCBs vanish                       COMMENT
in our approach, so we can compute them                     COMMENT
as post-fit residuals                                       COMMENT
IGS GPS stations used in the computations:                  COMMENT
acor ais1 alac alic areq artu asc1 auck bjfs brmu cas1 cedu COMMENT
chat cord dgar eisl flin fort glsv guam gus1 gwen hofn hrao COMMENT
htv1 iisc irkt kabr kerg kiru kour lamp lhas lkhu mac1 mag0 COMMENT
mas1 mcm4 mia3 noum nrc2 ntus pck1 pert petp pimo pot3 pur3 COMMENT
reyk sats sch2 sele sfer shld suaa suth thti thu1 tixi tubi COMMENT
unpg upo1 usud whn1 wil1 will wrhs wsrt wtzt wuhn yakz yar1 COMMENT
yell yssk zeck zwen                                         COMMENT
                                                            END OF HEADER
     1                                                      START OF TEC MAP
  2000     1     1     1     0     0                        EPOCH OF CURRENT MAP
    87.5-180.0 180.0   5.0 450.0                            LAT/LON1/LON2/DLON/H
   98   92   87   77   59   36   13   10   36   82  130  156  162  160  144  140
  137  134  129  122  111   93   61 9999 9999 9999 9999 9999 9999   18   25   19
   14   18   19    7 9999 9999 9999 9999   60   93  109  102   75   67   96  118
  112   90   65 9999 9999 9999  114  141  150  160  168  165  141  102   66   47
   46   52   39    8    0   34   83  105   98
    85.0-180.0 180.0   5.0 450.0                            LAT/LON1/LON2/DLON/H
  113  101   90   76   58   37   19   18   42   86  110   92   65 9999  161  164
  160  154  145  132  114   87   50 9999 9999 9999 9999 9999    0   15   26   22
   15   14   14    5    0 9999 9999 9999   72  101  107   80 9999   44   76  106
  109   92   69   48   36   38  103  131  137  142  146  143  126   96   68   53
   52   58   57   42   39   66  105  121  113
    82.5-180.0 180.0   5.0 450.0                            LAT/LON1/LON2/DLON/H
  132  116   98   78   59   42   30   32   56   97  105   91   78   76  132  163
  164  158  149  136  116   86   48   10    0    0    0    0    0   13   27   28
   20   14   11    7    2    5 9999 9999   75  101   97   65   36   42   73  102
  108   95   75   59   49   48   81  112  115  117  117  114  103   86   70   62
   61   68   76   78   84  107  134  143  132
    80.0-180.0 180.0   5.0 450.0                            LAT/LON1/LON2/DLON/H
  155  137  114   89   69   56   51   54   74   98  102   96   90   89  102  131
  142  141  137  130  117   92   56   20    0    0    0    0    0   14   29   34
   29   21   16   16   16   15   20   42   76   98   88   56   35   43   72  100
  108   97   80   67   58   56   66   86   88   88   86   83   78   73   71   71
   73   80   92  106  122  144  162  165  155
    77.5-180.0 180.0   5.0 450.0                            LAT/LON1/LON2/DLON/H
  176  160  138  114   96   88   90   95   97  102  106  106  105  102  103  115
  121  120  121  122  118  101   70   34    8    0    0    0    3   17   32   40
   38   32   32   37   34   25   27   46   75   92   81   54   40   49   73   98
  107   99   85   75   67   62   62   64   63   62   61   59   59   63   71   79
   83   90  104  122  145  167  183  185  176
    75.0-180.0 180.0   5.0 450.0                            LAT/LON1/LON2/DLON/H
  197  184  165  146  134  133  139  132  116  108  109  114  115  110  106  112
  122  117  115  119  120  109   83   49   22    8    3    3    9   23   41   53
   54   52   57   64   55   42   40   53   74   85   76   57   50   59   78   98
  106   99   88   78   71   65   62   54   50   49   50   51   54   62   73   83
   90   99  114  134  158  181  197  202  197
    72.5-180.0 180.0   5.0 450.0                            LAT/LON1/LON2/DLON/H
  218  205  188  173  164  162  159  148  130  116  113  117  118  112  104  106
  120  127  122  121  120  111   90   61   37   23   18   15   20   41   66   77
   76   76   84   90   78   63   58   64   75   81   74   63   61   70   84   98
  102   96   85   76   68   63   60   53   48   49   52   55   60   69   78   88
   96  108  126  147  170  191  209  219  218
    70.0-180.0 180.0   5.0 450.0                            LAT/LON1/LON2/DLON/H
  233  220  201  185  173  166  161  153  139  124  116  114  112  106   98   97
  108  121  127  122  113  102   86   66   47   36   32   32   48   77   95   96
   92   94  102  108   98   85   78   78   81   81   76   70   71   78   87   94
   95   88   76   67   60   57   54   51   51   56   60   65   72   79   87   95
  106  121  140  159  178  197  217  231  233
    67.5-180.0 180.0   5.0 450.0                            LAT/LON1/LON2/DLON/H
  233  221  203  185  172  164  159  153  143  128  116  109  103   95   88   86
   93  103  114  116  105   89   76   64   51   44   43   54   83  103  107  104
  101  104  112  117  112  102   96   93   89   84   78   75   75   78   82   84
   82   74   63   54   50   49   49   47   52   63   70   75   82   89   97  108
  121  137  152  167  180  195  214  230  233
    65.0-180.0 180.0   5.0 450.0                            LAT/LON1/LON2/DLON/H
  219  212  199  182  169  163  159  154  145  132  118  105   95   86   79   76
   79   86   95  102  101   93   84   73   60   48   48   72  100  111  111  108
  106  108  113  117  115  111  107  101   92   82   74   70   68   68   68   67
   64   58   51   45   43   44   45   46   52   66   76   82   90  100  113  126
  139  151  161  169  177  187  201  214  219
    62.5-180.0 180.0   5.0 450.0                            LAT/LON1/LON2/DLON/H
  204  204  197  183  170  163  160  156  149  137  121  106   93   82   74   70
   69   73   80   89   97  100   98   91   77   62   56   74  100  111  112  110
  108  108  107  104  102  102  100   89   74   62   55   51   50   49   49   49
   48   46   43   41   40   41   43   46   54   70   82   90  100  114  129  142
  152  160  167  172  176  180  188  198  204
    60.0-180.0 180.0   5.0 450.0                            LAT/LON1/LON2/DLON/H
  199  204  202  190  175  167  164  161  154  142  126  111   97   86   77   70
   67   67   73   83   95  102  103   97   85   71   64   71   90  104  107  107
  104   98   89   80   74   74   70   57   45   38   36   35   35   35   37   38
   39   40   39   38   38   39   43   48   59   76   90  100  112  128  143  153
  161  169  175  179  181  182  185  191  199
    57.5-180.0 180.0   5.0 450.0                            LAT/LON1/LON2/DLON/H
  203  209  210  202  187  175  170  167  160  149  134  120  106   94   84   75
   70   68   71   80   92  102  104   99   88   75   68   71   80   89   94   95
   90   78   64   53   49   48   45   38   32   30   30   30   30   31   32   34
   35   37   38   37   37   39   43   51   65   84  101  114  126  142  156  166
  174  182  188  191  192  191  191  195  203
    55.0-180.0 180.0   5.0 450.0                            LAT/LON1/LON2/DLON/H
  209  213  214  211  200  186  178  173  167  158  146  133  120  107   95   84
   76   72   72   78   88   98  102   98   88   77   72   72   75   77   79   77
   70   58   47   42   41   42   41   38   34   33   33   33   32   32   34   35
   36   37   38   37   37   40   47   58   74   94  112  128  143  160  175  187
  194  200  203  205  205  203  202  204  209
    52.5-180.0 180.0   5.0 450.0                            LAT/LON1/LON2/DLON/H
  216  218  218  216  210  197  187  182  178  173  164  151  137  122  108   95
   84   78   75   77   83   90   93   91   84   76   73   73   74   73   72   69
   63   53   46   44   45   47   48   46   44   43   43   42   41   40   40   40
   40   41   41   41   42   47   57   68   84  103  122  141  160  180  201  215
  219  219  218  217  216  214  212  213  216
    50.0-180.0 180.0   5.0 450.0                            LAT/LON1/LON2/DLON/H
  227  228  226  223  219  208  196  194  195  193  185  171  154  137  122  107
   94   86   81   79   80   81   81   78   74   70   70   70   70   70   71   71
   68   61   55   54   55   57   58   57   56   55   55   54   52   50   49   48
   48   49   50   52   56   64   73   83   96  113  131  151  173  200  227  244
  247  242  236  231  227  225  223  224  227
    47.5-180.0 180.0   5.0 450.0                            LAT/LON1/LON2/DLON/H
  241  242  240  238  234  223  210  211  215  212  203  187  169  151  134  119
  105   94   88   84   80   77   73   69   65   63   64   64   65   68   72   74
   73   70   67   67   68   68   67   67   66   65   65   63   61   58   57   56
   56   57   60   65   71   80   90   98  109  124  140  160  185  219  249  267
  271  267  259  251  245  241  238  239  241
    45.0-180.0 180.0   5.0 450.0                            LAT/LON1/LON2/DLON/H
  259  260  260  261  260  247  228  228  229  224  213  197  179  161  144  128
  113  101   94   88   83   78   73   67   63   60   60   61   63   67   74   78
   78   77   76   76   77   76   76   75   74   73   72   70   68   65   62   61
   61   63   67   73   80   90  100  110  121  134  149  168  195  232  263  280
  289  290  286  280  272  265  260  259  259
    42.5-180.0 180.0   5.0 450.0                            LAT/LON1/LON2/DLON/H
  282  281  283  288  289  274  243  236  233  226  216  202  186  169  152  135
  119  107   99   93   87   82   76   70   65   62   61   62   64   70   78   84
   84   82   81   81   81   81   81   82   81   80   78   76   74   71   68   66
   65   67   73   79   87   97  108  119  130  142  157  177  208  247  276  294
  307  315  317  315  309  302  293  286  282
    40.0-180.0 180.0   5.0 450.0                            LAT/LON1/LON2/DLON/H
  312  305  305  310  311  291  248  235  231  225  216  205  191  175  158  141
  125  113  105   99   94   89   83   77   71   68   66   67   70   76   85   90
   90   87   84   83   83   84   86   87   87   86   84   82   80   77   74   71
   70   72   78   85   94  104  116  128  140  153  169  193  231  273  302  320
  335  346  353  353  350  344  334  322  312
    37.5-180.0 180.0   5.0 450.0                            LAT/LON1/LON2/DLON/H
  337  324  317  318  319  301  249  234  229  224  217  207  195  179  163  147
  133  123  115  109  104   99   93   87   81   76   74   75   79   84   93   98
   96   91   87   86   87   88   90   91   92   92   91   88   86   84   81   78
   76   77   83   91  100  112  126  142  158  174  193  221  259  297  324  343
  359  372  380  382  377  371  363  351  337
    35.0-180.0 180.0   5.0 450.0                            LAT/LON1/LON2/DLON/H
  350  333  322  323  331  323  263  237  231  226  219  210  198  183  167  154
  143  135  128  121  114  108  101   95   88   84   81   82   87   94  102  106
  102   96   92   91   91   93   94   95   97   97   96   94   92   89   87   84
   82   83   87   94  103  117  136  158  179  199  221  246  277  307  332  352
  369  383  392  394  389  383  375  365  350
    32.5-180.0 180.0   5.0 450.0                            LAT/LON1/LON2/DLON/H
  361  349  351  366  383  388  327  262  244  236  227  216  202  185  170  160
  154  148  141  132  123  114  107  101   96   91   89   90   95  104  112  115
  110  103   98   97   97   98   99  100  101  101  101  100   97   94   91   89
   87   88   90   95  104  120  142  168  192  215  237  260  283  307  330  350
  368  382  391  394  391  385  379  372  361
    30.0-180.0 180.0   5.0 450.0                            LAT/LON1/LON2/DLON/H
  384  400  424  435  442  452  432  348  289  265  249  231  209  187  172  166
  163  160  153  143  132  122  115  108  104  100   99  101  106  115  122  124
  118  110  104  102  103  104  105  106  105  105  104  104  102   99   95   92
   90   90   91   96  107  124  146  172  198  223  246  267  285  304  325  345
  361  374  384  388  386  383  382  382  384
    27.5-180.0 180.0   5.0 450.0                            LAT/LON1/LON2/DLON/H
  456  481  485  482  485  494  500  465  390  333  295  261  224  192  176  172
  171  169  162  153  142  132  124  117  113  111  112  116  122  128  133  133
  128  119  111  108  109  112  114  113  111  108  108  108  107  104   99   94
   91   88   91   99  112  129  150  175  201  227  252  273  288  304  324  344
  361  374  383  389  391  395  408  429  456
    25.0-180.0 180.0   5.0 450.0                            LAT/LON1/LON2/DLON/H
  567  548  534  525  523  531  543  539  502  440  378  318  255  205  184  180
  177  174  168  160  151  142  134  128  124  123  127  133  137  141  145  146
  142  133  123  117  118  122  125  124  119  114  112  113  113  111  104   92
   78   75   84   98  116  136  158  182  208  235  261  283  302  322  346  373
  396  413  427  439  457  491  536  567  567
    22.5-180.0 180.0   5.0 450.0                            LAT/LON1/LON2/DLON/H
  625  606  589  575  568  572  583  588  576  539  481  405  310  230  199  189
  182  177  171  165  158  151  146  141  136  135  137  143  148  154  160  165
  164  157  146  138  136  140  143  142  136  126  120  119  120  116  101   70
   58   61   71   89  114  142  169  196  225  256  287  315  344  377  416  455
  487  511  529  549  575  605  627  634  625
    20.0-180.0 180.0   5.0 450.0                            LAT/LON1/LON2/DLON/H
  642  655  657  642  628  626  633  638  631  610  574  515  405  278  223  202
  188  180  173  167  163  160  158  156  152  147  145  148  155  163  174  183
  186  183  175  169  167  169  171  167  157  143  133  128  126  116   74   52
   52   57   66   82  106  138  171  204  242  283  321  355  388  424  465  504
  534  557  575  593  611  626  634  637  642
    17.5-180.0 180.0   5.0 450.0                            LAT/LON1/LON2/DLON/H
  642  689  738  738  718  705  703  701  692  676  657  635  567  401  279  226
  199  185  176  171  169  170  172  173  174  171  165  163  166  175  186  195
  199  197  196  197  201  203  199  189  172  154  142  137  131   98   56   52
   54   59   68   83  105  133  164  198  245  299  342  374  404  438  476  511
  539  561  579  598  615  626  629  630  642
    15.0-180.0 180.0   5.0 450.0                            LAT/LON1/LON2/DLON/H
  636  704  814  856  843  820  805  792  775  757  749  758  757  643  432  285
  220  195  184  180  183  187  191  197  207  216  216  205  196  195  199  204
  206  205  206  215  225  227  216  197  176  157  145  141  130   76   59   59
   61   66   74   89  111  138  167  199  245  303  349  379  408  441  478  511
  538  558  578  599  616  624  625  624  636
    12.5-180.0 180.0   5.0 450.0                            LAT/LON1/LON2/DLON/H
  627  703  857  951  967  954  935  912  882  853  845  863  887  850  678  424
  269  215  201  203  209  215  221  232  252  273  281  268  247  232  224  222
  221  221  224  234  243  238  221  199  177  158  146  142  120   76   71   71
   72   75   82   98  122  151  180  211  250  298  342  376  408  444  480  510
  535  556  577  599  615  621  620  617  627
    10.0-180.0 180.0   5.0 450.0                            LAT/LON1/LON2/DLON/H
  615  687  851  982 1038 1059 1061 1038  990  941  920  930  950  949  872  642
  376  260  241  250  259  265  270  280  294  306  311  307  294  277  265  259
  259  258  256  255  255  247  230  207  186  167  154  145  120   89   85   84
   84   85   92  110  138  169  199  227  257  289  323  360  400  440  476  503
  527  549  572  595  611  616  614  608  615
     7.5-180.0 180.0   5.0 450.0                            LAT/LON1/LON2/DLON/H
  602  659  801  945 1036 1100 1141 1132 1068  997  961  961  979  993  976  849
  555  344  312  323  333  338  337  326  312  303  303  309  311  308  304  303
  297  283  267  260  261  262  255  239  219  200  181  165  144  108   98   94
   93   93  101  122  156  189  216  239  261  281  303  334  377  422  457  481
  503  526  552  579  598  606  604  597  602
     5.0-180.0 180.0   5.0 450.0                            LAT/LON1/LON2/DLON/H
  588  626  725  851  961 1064 1154 1176 1106 1018  973  970  989 1014 1028  982
  749  457  401  407  414  413  391  336  278  250  245  249  253  258  271  281
  277  265  256  259  273  287  289  277  258  235  211  187  162  126  108  102
   99   99  108  132  170  203  225  242  259  275  294  319  353  391  422  445
  465  487  515  546  571  585  587  584  588
     2.5-180.0 180.0   5.0 450.0                            LAT/LON1/LON2/DLON/H
  575  596  647  728  824  941 1078 1153 1101 1012  962  958  982 1018 1048 1032
  823  499  438  437  427  391  316  222  168  159  167  175  181  194  216  233
  240  242  250  269  294  311  311  296  274  249  223  199  175  138  118  113
  112  114  123  144  174  200  219  236  253  272  293  318  344  371  394  413
  431  451  476  503  530  549  560  567  575
