tests/test_data/no_end_of_file_label.01i
     1.0            IONOSPHERE MAPS     MIX                 IONEX VERSION / TYPE
tecrms2ionex_2.awk  gAGE/UPC            12/25/07 1812UT     PGM / RUN BY / DATE
Global ionosphere maps for day   1, 2001 ( 1- 1-2001)       DESCRIPTION
IONEX file containing the COMBINED IGS Ionosphere maps      DESCRIPTION
from the combination of the following IAACs:                DESCRIPTION
codg                                                        DESCRIPTION
emrg                                                        DESCRIPTION
esag                                                        DESCRIPTION
jplg                                                        DESCRIPTION
upcg                                                        DESCRIPTION
Contact address: Manuel Hernandez-Pajares                   DESCRIPTION
                 Res. group of Astronomy and Geomatics      DESCRIPTION
                 Technical Univ. of Catalonia (gAGE/UPC)    DESCRIPTION
                 Mod. C3 Campus Nord UPC                    DESCRIPTION
                 E08034-Barcelona, SPAIN                    DESCRIPTION
                 e-mail:  manuel@mat.upc.es                 DESCRIPTION
                                                            DESCRIPTION
Validation with TOPEX: <TEC_TOPEX - TEC_GPS>  [TECU]        DESCRIPTION
         (reference day of year: 001)                       DESCRIPTION
                                                            DESCRIPTION
           Bias   Sigma     RMS    VTEC   %ERR    #OBS      DESCRIPTION
           1.06    5.85    5.95   34.89   17.0   45542      DESCRIPTION
                                                            DESCRIPTION
UT(hours)  Bias   Sigma     RMS    VTEC   %ERR    #OBS      DESCRIPTION
   2.00    0.17    4.93    4.93   33.26   14.8    4202      DESCRIPTION
   4.00    3.07    6.31    7.02   35.66   19.7    4141      DESCRIPTION
   6.00    2.20    4.93    5.40   33.06   16.3    4415      DESCRIPTION
   8.00    1.68    3.64    4.01   30.00   13.4    4565      DESCRIPTION
  10.00    4.49    6.32    7.76   41.69   18.6    3591      DESCRIPTION
  12.00    3.25    3.28    4.62   38.51   12.0    3992      DESCRIPTION
  14.00    0.24    3.44    3.45   35.17    9.8    4631      DESCRIPTION
  16.00   -2.67    3.71    4.57   26.50   17.2    3487      DESCRIPTION
  18.00   -1.73    4.02    4.38   34.64   12.6    4452      DESCRIPTION
  20.00    0.36    9.19    9.19   39.33   23.4    4025      DESCRIPTION
  22.00    0.65    7.81    7.84   36.51   21.5    4041      DESCRIPTION
                                                            DESCRIPTION
Lat(deg)   Bias   Sigma     RMS    VTEC   %ERR    #OBS      DESCRIPTION
 -60.00    0.58    7.76    7.78   40.26   19.3   10593      DESCRIPTION
 -40.00    0.18    3.87    3.87   42.22    9.2    8975      DESCRIPTION
 -20.00    1.91    6.81    7.07   48.06   14.7    6205      DESCRIPTION
   0.00    1.32    4.97    5.14   40.50   12.7    6179      DESCRIPTION
  20.00    2.19    6.95    7.29   28.16   25.9    5779      DESCRIPTION
  40.00    0.24    2.31    2.33    9.97   23.3    4976      DESCRIPTION
  60.00    2.32    2.18    3.18    8.03   39.6    2835      DESCRIPTION
  2001     1     1     1     0     0                        EPOCH OF FIRST MAP
  2001     1     1    23     0     0                        EPOCH OF LAST MAP
  7200                                                      INTERVAL
    12                                                      # OF MAPS IN FILE
  COSZ                                                      MAPPING FUNCTION
     0.0                                                    ELEVATION CUTOFF
Combined TEC calculated as weighted mean of input TEC valuesOBSERVABLES USED
     0                                                      # OF STATIONS
    28                                                      # OF SATELLITES
  6371.0                                                    BASE RADIUS
     2                                                      MAP DIMENSION
   450.0 450.0   0.0                                        HGT1 / HGT2 / DHGT
    87.5 -87.5  -2.5                                        LAT1 / LAT2 / DLAT
  -180.0 180.0   5.0                                        LON1 / LON2 / DLON
    -1                                                      EXPONENT
TEC values in  0.1 TECUs; 9999 if no value available        COMMENT
DCB values in nanoseconds, reference is Sum_of_SatDCBs = 0  COMMENT
                                                            END OF HEADER
[from data line 1287]
     4                                                      START OF TEC MAP
  2001     1     1     7     0     0                        EPOCH OF CURRENT MAP
    87.5-180.0 180.0   5.0 450.0                            LAT/LON1/LON2/DLON/H
  119  116  110  109  117  104   98   97  102  106  102   92   84   82   84   88
   94   98   95   90   86   87   91   93   94   95   98   97  101  106  109  108
  105  102  100  106   97   93   96   99  104  110  111  108  106  107  107  107
  106  108  111  111  111  116  121  123  122  120  118  117  122  127  130  130
  129  126  119  111  107  106  111  117  119
    85.0-180.0 180.0   5.0 450.0                            LAT/LON1/LON2/DLON/H
  103   99   98   99  103   95   87   84   87   94   94   86   80   78   79   80
   83   85   85   82   83   84   87   89   89   90   93   93   95   99  102  103
  104  105  100   95   92   94   98  104  107  110  109  107  108  111  110  112
  113  116  116  107  107  110  113  115  114  111  106  105  106  108  106  105
  103  100  117  111  108  105  102  104  103
    82.5-180.0 180.0   5.0 450.0                            LAT/LON1/LON2/DLON/H
   91   88   89   92   91   87   80   77   79   85   88   86   81   78   76   75
   73   72   75   73   74   77   80   81   83   86   87   88   89   93   97  100
  105  103  100   98   98   97  100  102  104  105  105  104  106  101  105  109
  112  114  114  116  117  121  125  126  125  118  113  112  111  112  111  110
  107  104  100   98   92   87   83   94   91
    80.0-180.0 180.0   5.0 450.0                            LAT/LON1/LON2/DLON/H
   74   72   83   86   86   81   77   74   76   81   86   86   82   77   74   72
   68   66   65   67   67   71   74   75   78   81   84   86   88   91   95   97
  108  102  102  100   98   98   98  100  103  102   96   98  103  107  110  114
  117  120  121  124  125  129  133  134  132  124  118  114  112  108  106  102
   99   97   97   95   92   87   82   78   74
    77.5-180.0 180.0   5.0 450.0                            LAT/LON1/LON2/DLON/H
   69   69   70   70   80   77   74   72   74   79   84   86   82   77   72   70
   67   63   62   63   64   67   70   73   76   79   83   85   89   91   94   96
   98  100  100   97   95   96   97   99   91   93  100  103  107  111  116  120
  125  130  132  138  141  145  147  148  145  135  130  123  117  111  104  100
   96   93   91   90   87   82   77   72   69
    75.0-180.0 180.0   5.0 450.0                            LAT/LON1/LON2/DLON/H
   65   65   66   67   66   74   72   72   73   77   81   83   81   75   71   68
   66   62   61   61   62   65   69   73   77   80   84   86   90  118   95   96
   97   96   95   92   91   92   96   87   92   96  100  107  113  119  124  131
  139  144  151  158  163  168  169  169  165  155  149  141  132  124  114  107
  100   96   89   85   81   77   71   67   65
    72.5-180.0 180.0   5.0 450.0                            LAT/LON1/LON2/DLON/H
   61   60   61   63   63   61   69   69   72   75   78   80   79   75   71   68
   65   63   61   61   63   67   70   75   79   83   86   88   92   95   96   96
   93   90   87   86   84   85   82   87   91   94  101  112  120  127  136  146
  155  164  173  183  190  195  196  195  191  184  172  164  152  141  131  120
  110  100   90   85   78   72   67   62   61
    70.0-180.0 180.0   5.0 450.0                            LAT/LON1/LON2/DLON/H
   57   56   56   57   58   58   57   66   69   72   75   77   78   77   74   71
   68   66   64   65   68   71   74   79   83   86   87   88   92   94   95   92
   86   81   78   77   77   72   76   80   87   96  105  119  130  141  153  164
  176  187  200  210  217  223  225  225  221  214  201  190  178  164  149  136
  124  111   97   86   77   72   64   60   57
    67.5-180.0 180.0   5.0 450.0                            LAT/LON1/LON2/DLON/H
   55   53   52   52   53   54   54   54   54   68   71   74   77   77   76   76
   73   71   69   70   73   76   80   83   86   86   87   88   88   90   89   83
   77   72   70   60   61   64   69   78   88   99  110  125  142  157  172  185
  200  214  227  238  246  252  253  254  251  244  231  218  206  190  174  156
  139  124  107   93   81   71   63   57   55
    65.0-180.0 180.0   5.0 450.0                            LAT/LON1/LON2/DLON/H
   52   49   48   48   48   49   50   51   52   53   66   70   74   76   76   77
   76   75   74   75   78   80   83   84   84   84   85   84   83   83   79   74
   67   63   51   54   56   60   67   79   91  104  121  138  159  176  194  211
  226  241  254  266  273  278  281  281  279  272  260  246  232  215  196  176
  156  135  117  100   86   74   64   57   52
    62.5-180.0 180.0   5.0 450.0                            LAT/LON1/LON2/DLON/H
   53   49   46   46   45   46   47   48   49   51   52   53   55   56   57   59
   60   76   77   79   81   84   84   84   83   82   82   80   80   77   73   67
   61   49   49   50   53   59   69   79   96  114  134  156  179  198  218  236
  252  266  277  289  296  300  302  303  301  295  285  268  251  234  213  192
  170  148  125  107   93   79   67   59   53
    60.0-180.0 180.0   5.0 450.0                            LAT/LON1/LON2/DLON/H
   56   51   48   46   44   44   44   45   46   48   50   52   54   56   58   59
   62   64   66   68   70   71   70   68   67   81   80   79   77   75   70   53
   51   50   48   49   50   58   70   85  105  127  150  175  197  221  242  260
  274  287  296  306  312  316  318  320  319  313  303  287  268  246  226  203
  180  158  135  115   97   83   70   62   56
    57.5-180.0 180.0   5.0 450.0                            LAT/LON1/LON2/DLON/H
   60   54   50   48   46   44   44   44   44   45   47   48   51   52   54   56
   59   61   64   66   68   70   70   68   66   66   64   62   61   59   57   55
   52   49   48   50   54   63   76   94  116  141  168  192  218  242  263  280
  293  303  311  319  323  327  330  331  331  326  315  298  278  256  232  211
  188  166  143  123  105   90   77   67   60
    55.0-180.0 180.0   5.0 450.0                            LAT/LON1/LON2/DLON/H
   67   61   56   53   50   48   46   45   45   45   45   47   48   50   51   53
   55   57   60   63   64   65   65   64   61   61   59   59   59   58   57   55
   54   53   53   55   61   71   85  105  129  156  182  211  238  263  283  298
  310  316  322  328  331  335  338  339  338  332  320  305  283  260  237  213
  194  172  150  130  113   97   84   74   67
    52.5-180.0 180.0   5.0 450.0                            LAT/LON1/LON2/DLON/H
   74   69   64   60   57   53   51   49   47   46   46   47   48   49   50   51
   53   55   58   60   62   62   61   59   58   57   56   55   56   57   57   57
   57   58   59   63   69   80   96  117  139  168  198  228  257  283  302  315
  323  328  331  336  338  340  341  341  338  331  320  304  281  259  237  214
  193  175  154  135  119  104   91   81   74
    50.0-180.0 180.0   5.0 450.0                            LAT/LON1/LON2/DLON/H
   81   76   71   68   64   60   56   53   51   50   49   49   50   50   50   51
   53   55   58   60   61   61   60   58   58   56   55   56   56   58   60   60
   61   63   66   71   79   91  105  127  152  181  211  242  272  298  318  330
  335  338  339  344  343  341  340  338  334  326  315  299  277  255  233  213
  191  172  153  139  124  110   97   88   81
    47.5-180.0 180.0   5.0 450.0                            LAT/LON1/LON2/DLON/H
   86   82   77   73   70   65   62   59   57   54   53   53   53   53   53   53
   54   56   59   61   63   63   61   61   59   59   59   59   60   62   64   65
   66   68   73   79   87  101  118  140  165  193  222  251  280  306  326  337
  343  345  346  350  347  342  338  334  328  321  311  297  278  254  231  211
  190  173  154  140  127  114  101   92   86
    45.0-180.0 180.0   5.0 450.0                            LAT/LON1/LON2/DLON/H
   91   88   82   79   76   71   67   65   62   60   59   59   58   57   57   56
   57   60   62   65   66   67   66   66   65   65   66   66   66   67   69   70
   70   73   78   86   97  113  131  153  176  203  229  255  282  308  326  339
  346  350  351  355  351  345  339  334  329  322  314  301  283  259  236  213
  194  175  160  144  132  120  107   98   91
    42.5-180.0 180.0   5.0 450.0                            LAT/LON1/LON2/DLON/H
   96   92   86   83   80   74   71   69   67   65   65   64   64   63   62   62
   63   65   67   70   72   73   74   75   74   74   74   74   74   74   74   74
   74   77   83   93  107  123  144  165  188  212  235  258  282  304  324  337
  348  354  356  363  359  353  347  342  338  334  327  316  299  274  249  225
  203  182  166  149  137  125  112  103   96
    40.0-180.0 180.0   5.0 450.0                            LAT/LON1/LON2/DLON/H
   98   93   88   85   82   76   74   72   72   70   70   70   70   69   68   68
   69   71   73   77   80   81   83   84   84   84   85   84   82   80   78   78
   77   80   87  100  116  134  158  179  200  222  242  261  279  302  321  335
  349  360  365  376  375  371  366  363  361  361  356  346  329  307  277  248
  221  197  175  156  142  129  117  104   98
    37.5-180.0 180.0   5.0 450.0                            LAT/LON1/LON2/DLON/H
   99   94   88   85   82   78   76   75   75   73   75   76   77   75   75   75
   76   77   80   84   87   90   93   94   94   95   95   92   89   86   83   80
   80   82   91  106  124  146  171  193  213  233  250  264  281  302  319  337
  354  370  386  399  403  403  402  402  405  408  407  399  382  357  321  287
  253  221  193  170  151  135  122  107   99
    35.0-180.0 180.0   5.0 450.0                            LAT/LON1/LON2/DLON/H
  103   96   88   84   81   76   76   76   76   77   78   81   82   82   82   82
   83   84   87   91   95   98  101  102  103  103  102  100   95   90   86   83
   82   85   94  111  132  157  185  208  228  242  259  274  288  308  324  344
  367  389  415  437  448  454  459  465  473  481  484  479  463  436  399  349
  305  265  230  198  174  152  133  114  103
    32.5-180.0 180.0   5.0 450.0                            LAT/LON1/LON2/DLON/H
  119  107   93   85   80   75   75   76   78   78   80   84   86   86   87   88
   89   90   93   96  100  103  106  108  109  109  107  104   99   93   88   84
   83   86   97  117  141  169  200  224  242  259  277  290  303  317  339  363
  390  421  457  490  508  523  536  550  564  577  586  584  571  545  504  442
  389  338  296  258  220  190  162  136  119
    30.0-180.0 180.0   5.0 450.0                            LAT/LON1/LON2/DLON/H
  156  132  111   93   85   79   78   79   81   80   83   85   89   90   92   93
   93   94   97  100  104  107  110  111  112  112  110  107  101   95   90   85
   84   89  101  123  152  182  213  240  262  280  299  312  326  341  366  394
  427  467  511  550  576  600  623  646  667  687  699  701  691  667  627  564
  503  444  390  344  297  258  221  183  156
    27.5-180.0 180.0   5.0 450.0                            LAT/LON1/LON2/DLON/H
  215  182  147  121  105   94   90   87   87   85   86   87   90   92   94   96
   96   97  100  103  106  108  111  113  114  114  111  107  102   96   91   87
   88   93  106  129  163  194  227  259  283  304  324  339  355  373  406  438
  477  521  571  618  649  679  711  742  770  794  809  812  805  784  747  694
  624  561  504  447  392  345  299  251  215
    25.0-180.0 180.0   5.0 450.0                            LAT/LON1/LON2/DLON/H
  289  251  207  172  146  125  114  106  100   93   90   90   91   92   95   97
   98   99  101  104  107  109  112  114  115  114  111  106  101   97   94   93
   94  100  114  136  172  209  245  278  305  328  350  370  390  415  454  491
  532  578  631  680  716  754  794  833  864  885  896  897  891  873  838  786
  718  659  605  551  480  428  379  327  289
    22.5-180.0 180.0   5.0 450.0                            LAT/LON1/LON2/DLON/H
  373  334  286  245  209  178  157  140  125  110  101   97   95   94   96   97
   98   99  102  106  109  111  113  115  115  113  110  105  101   97   96   98
  101  107  121  146  184  224  262  298  326  351  380  405  430  462  507  548
  590  635  689  731  773  811  855  896  925  936  938  935  928  913  882  836
  776  719  672  624  558  509  462  420  373
    20.0-180.0 180.0   5.0 450.0                            LAT/LON1/LON2/DLON/H
  461  423  383  333  291  249  219  192  166  139  121  110  103  100   99   99
   99  101  103  108  112  115  117  118  116  114  110  106  101   99   99  100
  103  113  129  156  193  235  276  314  346  376  406  441  472  512  561  606
  652  698  741  772  801  831  867  901  921  926  925  922  917  905  882  843
  798  752  712  674  622  577  539  502  461
    17.5-180.0 180.0   5.0 450.0                            LAT/LON1/LON2/DLON/H
  536  509  475  426  381  339  296  259  222  183  155  135  120  111  107  106
  104  104  106  111  116  120  123  123  120  116  111  107  103  101  101  103
  106  115  132  160  197  242  284  323  360  395  432  474  512  561  614  660
  698  733  758  771  787  804  829  854  868  872  873  872  869  863  847  821
  789  755  723  691  646  615  590  566  536
    15.0-180.0 180.0   5.0 450.0                            LAT/LON1/LON2/DLON/H
  590  574  554  519  478  433  383  338  291  242  203  173  149  134  124  117
  113  110  111  116  120  124  129  127  124  119  114  110  106  104  105  106
  109  116  133  161  199  242  285  325  365  403  444  492  541  594  639  678
  709  729  739  743  750  758  775  791  800  803  805  806  806  802  795  781
  760  738  712  684  652  622  611  602  590
    12.5-180.0 180.0   5.0 450.0                            LAT/LON1/LON2/DLON/H
  614  612  609  598  572  533  483  431  372  307  258  222  189  166  147  134
  124  118  117  118  123  127  130  130  126  122  117  112  109  107  108  107
  109  116  133  162  200  243  285  326  366  404  444  491  545  593  637  670
  692  704  707  708  711  716  728  740  745  747  747  747  747  746  744  737
  725  709  691  666  638  613  611  613  614
    10.0-180.0 180.0   5.0 450.0                            LAT/LON1/LON2/DLON/H
  611  616  628  640  639  619  580  523  450  368  309  270  234  202  176  155
  139  128  121  121  124  126  129  128  125  121  116  112  108  106  105  105
  107  115  134  165  203  246  286  326  367  405  443  481  533  583  621  649
  667  675  676  677  681  688  699  711  716  716  715  713  711  710  710  707
  699  685  668  644  618  597  598  606  611
     7.5-180.0 180.0   5.0 450.0                            LAT/LON1/LON2/DLON/H
  581  585  601  630  655  659  633  577  499  407  347  310  273  238  208  179
  158  142  130  126  125  125  125  124  121  118  115  110  105  102  101  102
  105  115  136  169  208  249  288  327  366  399  438  478  526  568  599  622
  635  643  648  652  660  670  684  699  706  706  705  704  703  701  700  698
  690  674  652  624  597  576  575  580  581
     5.0-180.0 180.0   5.0 450.0                            LAT/LON1/LON2/DLON/H
  531  527  535  562  600  630  622  578  502  423  377  344  310  274  240  208
  181  159  143  134  130  125  122  120  118  118  116  111  105  101  100  100
  104  117  140  174  213  250  288  325  358  398  436  474  517  553  582  601
  612  619  624  631  645  660  679  697  707  711  710  712  710  712  709  704
  695  676  649  614  582  556  546  542  531
     2.5-180.0 180.0   5.0 450.0                            LAT/LON1/LON2/DLON/H
  487  467  464  478  501  532  538  507  457  425  400  373  339  302  267  233
  205  180  160  145  135  126  121  117  117  119  120  116  109  103  100  102
  107  121  146  180  216  250  286  317  356  394  432  469  508  542  566  584
  596  605  612  624  643  663  687  710  723  728  730  730  731  729  724  718
  705  684  654  614  576  545  524  510  487
