tests/test_data/no_end_of_file_label.01i
     1.0            IONOSPHERE MAPS     MIX                 IONEX VERSION / TYPE
tecrms2ionex_2.awk  gAGE/UPC            12/25/07 1812UT     PGM / RUN BY / DATE
Global ionosphere maps for day   1, 2001 ( 1- 1-2001)       DESCRIPTION
IONEX file containing the COMBINED IGS Ionosphere maps      DESCRIPTION
from the combination of the following IAACs:                DESCRIPTION
codg                                                        DESCRIPTION
emrg                                                        DESCRIPTION
esag                                                        DESCRIPTION
jplg                                                        DESCRIPTION
upcg                                                        DESCRIPTION
Contact address: Manuel Hernandez-Pajares                   DESCRIPTION
                 Res. group of Astronomy and Geomatics      DESCRIPTION
                 Technical Univ. of Catalonia (gAGE/UPC)    DESCRIPTION
                 Mod. C3 Campus Nord UPC                    DESCRIPTION
                 E08034-Barcelona, SPAIN                    DESCRIPTION
                 e-mail:  manuel@mat.upc.es                 DESCRIPTION
                                                            DESCRIPTION
Validation with TOPEX: <TEC_TOPEX - TEC_GPS>  [TECU]        DESCRIPTION
         (reference day of year: 001)                       DESCRIPTION
                                                            DESCRIPTION
           Bias   Sigma     RMS    VTEC   %ERR    #OBS      DESCRIPTION
           1.06    5.85    5.95   34.89   17.0   45542      DESCRIPTION
                                                            DESCRIPTION
UT(hours)  Bias   Sigma     RMS    VTEC   %ERR    #OBS      DESCRIPTION
   2.00    0.17    4.93    4.93   33.26   14.8    4202      DESCRIPTION
   4.00    3.07    6.31    7.02   35.66   19.7    4141      DESCRIPTION
   6.00    2.20    4.93    5.40   33.06   16.3    4415      DESCRIPTION
   8.00    1.68    3.64    4.01   30.00   13.4    4565      DESCRIPTION
  10.00    4.49    6.32    7.76   41.69   18.6    3591      DESCRIPTION
  12.00    3.25    3.28    4.62   38.51   12.0    3992      DESCRIPTION
  14.00    0.24    3.44    3.45   35.17    9.8    4631      DESCRIPTION
  16.00   -2.67    3.71    4.57   26.50   17.2    3487      DESCRIPTION
  18.00   -1.73    4.02    4.38   34.64   12.6    4452      DESCRIPTION
  20.00    0.36    9.19    9.19   39.33   23.4    4025      DESCRIPTION
  22.00    0.65    7.81    7.84   36.51   21.5    4041      DESCRIPTION
                                                            DESCRIPTION
Lat(deg)   Bias   Sigma     RMS    VTEC   %ERR    #OBS      DESCRIPTION
 -60.00    0.58    7.76    7.78   40.26   19.3   10593      DESCRIPTION
 -40.00    0.18    3.87    3.87   42.22    9.2    8975      DESCRIPTION
 -20.00    1.91    6.81    7.07   48.06   14.7    6205      DESCRIPTION
   0.00    1.32    4.97    5.14   40.50   12.7    6179      DESCRIPTION
  20.00    2.19    6.95    7.29   28.16   25.9    5779      DESCRIPTION
  40.00    0.24    2.31    2.33    9.97   23.3    4976      DESCRIPTION
  60.00    2.32    2.18    3.18    8.03   39.6    2835      DESCRIPTION
  2001     1     1     1     0     0                        EPOCH OF FIRST MAP
  2001     1     1    23     0     0                        EPOCH OF LAST MAP
  7200                                                      INTERVAL
    12                                                      # OF MAPS IN FILE
  COSZ                                                      MAPPING FUNCTION
     0.0                                                    ELEVATION CUTOFF
Combined TEC calculated as weighted mean of input TEC valuesOBSERVABLES USED
     0                                                      # OF STATIONS
    28                                                      # OF SATELLITES
  6371.0                                                    BASE RADIUS
     2                                                      MAP DIMENSION
   450.0 450.0   0.0                                        HGT1 / HGT2 / DHGT
    87.5 -87.5  -2.5                                        LAT1 / LAT2 / DLAT
  -180.0 180.0   5.0                                        LON1 / LON2 / DLON
    -1                                                      EXPONENT
TEC values in  0.1 TECUs; 9999 if no value available        COMMENT
DCB values in nanoseconds, reference is Sum_of_SatDCBs = 0  COMMENT
                                                            END OF HEADER
[from data line 4290]
    11                                                      START OF TEC MAP
  2001     1     1    21     0     0                        EPOCH OF CURRENT MAP
    87.5-180.0 180.0   5.0 450.0                            LAT/LON1/LON2/DLON/H
  143  138  130  123  118  116  117  120  123  126  128  128  129  130  134  138
  141  138  132  128  126  126  128  133  139  143  142  132  124  126  130  133
  132  127  122  121  122  125  129  136  145  152  151  143  133  127  124  121
  121  125  134  137  136  137  138  137  147  147  147  143  136  129  125  133
  153  172  175  161  148  145  145  145  143
    85.0-180.0 180.0   5.0 450.0                            LAT/LON1/LON2/DLON/H
  130  128  126  124  120  118  119  121  124  126  128  133  138  141  144  145
  144  139  131  126  123  121  122  125  130  133  132  126  121  121  124  124
  123  120  116  116  119  121  124  126  131  136  139  137  132  129  127  126
  116  120  125  124  120  120  119  120  124  123  122  120  116  112  110  129
  144  156  156  143  135  133  133  132  130
    82.5-180.0 180.0   5.0 450.0                            LAT/LON1/LON2/DLON/H
  120  120  122  125  123  123  124  126  130  133  135  139  148  152  154  154
  150  142  133  128  124  121  121  123  125  128  136  122  117  116  117  118
  115  113  111  111  113  114  115  115  117  122  127  130  115  115  115  117
  119  124  129  128  122  120  119  120  119  118  117  114  111  108  107  109
  115  117  115  109  107  122  122  121  120
    80.0-180.0 180.0   5.0 450.0                            LAT/LON1/LON2/DLON/H
  103  106  109  114  129  131  134  137  141  145  147  151  158  164  166  165
  160  152  143  137  132  126  123  123  125  125  122  120  112  113  114  112
  109  107  105  105  105  106  105  106  107  112  105  110  113  112  111  111
  113  116  119  119  116  113  113  113  110  107  104  102  102  100   98   99
  102  104  103  100  101  102  102  102  103
    77.5-180.0 180.0   5.0 450.0                            LAT/LON1/LON2/DLON/H
   99  104  112  119  125  130  135  137  139  162  166  169  174  179  180  175
  167  160  153  146  139  131  126  124  123  120  117  112  108  105  104  102
  100   99   99   99   99   98   96   95   96   91   97  101  103  103  101  100
  101  103  104  104  102  101  100  100   97   94   91   89   89   88   85   84
   85   86   86   86   89   92   94   97   99
    75.0-180.0 180.0   5.0 450.0                            LAT/LON1/LON2/DLON/H
   94  101  111  120  130  140  149  157  164  169  170  172  202  205  201  194
  184  175  164  154  145  135  127  123  118  114  109  106  101   98   94   92
   92   93   94   94   93   91   87   85   77   81   85   87   89   90   89   88
   88   88   87   86   85   84   83   82   81   79   76   75   74   72   71   68
   68   68   70   71   75   80   84   89   94
    72.5-180.0 180.0   5.0 450.0                            LAT/LON1/LON2/DLON/H
   92  101  113  124  137  150  162  174  184  192  200  210  215  208  236  225
  211  197  183  167  152  138  126  118  111  106  102   98   94   89   85   83
   84   85   86   86   85   82   66   66   66   67   70   72   74   75   76   75
   75   74   73   71   69   67   66   64   63   62   62   61   60   59   57   55
   54   54   56   59   63   69   76   83   92
    70.0-180.0 180.0   5.0 450.0                            LAT/LON1/LON2/DLON/H
   94  107  119  134  149  164  178  193  206  218  228  241  251  254  250  233
  251  234  214  192  170  150  131  116  106  100   95   92   88   83   78   75
   75   75   76   75   73   59   58   56   56   56   57   59   61   62   64   64
   64   62   61   59   57   54   53   52   52   51   51   50   50   49   47   45
   44   44   46   49   54   61   71   82   94
    67.5-180.0 180.0   5.0 450.0                            LAT/LON1/LON2/DLON/H
  100  117  134  152  170  188  201  216  231  243  258  272  283  289  288  278
  266  248  222  198  201  172  146  123  108   99   93   88   83   78   73   69
   67   66   65   52   52   51   50   48   48   48   49   50   52   54   55   56
   55   54   52   51   50   49   48   48   47   47   47   47   46   45   43   41
   39   38   40   43   50   58   70   84  100
    65.0-180.0 180.0   5.0 450.0                            LAT/LON1/LON2/DLON/H
  111  129  151  172  193  213  229  244  259  270  285  301  313  319  319  311
  301  286  267  245  216  186  156  130  111   98   87   80   73   67   61   56
   53   51   49   47   46   44   43   42   43   44   45   47   49   50   51   52
   51   50   49   50   50   50   50   50   50   50   51   50   49   47   45   43
   40   39   40   43   50   60   74   91  111
    62.5-180.0 180.0   5.0 450.0                            LAT/LON1/LON2/DLON/H
  121  146  171  196  219  236  253  268  282  295  310  324  337  344  341  338
  330  314  296  274  245  216  187  157  134  116  102   91   82   73   65   58
   53   50   47   44   42   40   39   40   41   44   46   48   50   51   52   52
   53   52   52   53   55   56   56   57   57   58   59   57   56   54   52   49
   46   44   44   47   54   65   80  100  121
    60.0-180.0 180.0   5.0 450.0                            LAT/LON1/LON2/DLON/H
  132  159  187  214  238  257  274  288  303  313  327  340  352  361  361  360
  354  339  321  297  268  238  208  181  154  133  115  101   89   79   69   62
   56   53   49   45   42   40   39   40   43   46   49   52   54   55   56   56
   57   58   59   61   62   64   65   66   67   68   69   68   66   64   61   59
   56   54   53   56   61   73   88  108  132
    57.5-180.0 180.0   5.0 450.0                            LAT/LON1/LON2/DLON/H
  143  170  199  227  253  276  293  307  318  328  339  350  361  370  372  373
  368  355  337  314  287  256  226  199  173  148  129  112   98   86   77   68
   63   59   54   50   45   43   42   44   48   51   55   57   60   62   62   63
   64   66   68   70   71   72   73   75   77   78   79   78   77   75   72   69
   67   64   64   66   73   84  100  118  143
    55.0-180.0 180.0   5.0 450.0                            LAT/LON1/LON2/DLON/H
  156  183  211  240  265  287  305  318  328  337  346  355  365  373  377  379
  375  363  347  325  299  268  240  212  188  164  143  123  108   96   85   77
   71   66   61   56   51   49   48   50   54   58   61   64   68   69   70   71
   73   75   77   79   80   81   82   83   85   86   87   87   86   84   83   80
   78   76   75   78   85   96  111  132  156
    52.5-180.0 180.0   5.0 450.0                            LAT/LON1/LON2/DLON/H
  165  191  218  246  272  293  311  324  335  343  350  360  366  373  376  379
  376  367  353  333  308  279  252  225  200  176  155  136  119  106   94   86
   79   74   68   62   58   56   56   58   62   66   69   72   75   77   79   81
   83   84   86   88   88   88   89   89   90   91   92   92   91   90   89   88
   87   86   86   89   97  108  124  143  165
    50.0-180.0 180.0   5.0 450.0                            LAT/LON1/LON2/DLON/H
  175  199  223  250  275  297  314  328  338  347  354  361  366  370  374  377
  375  369  356  339  317  289  263  237  214  190  167  147  129  115  104   94
   87   81   74   69   66   65   66   68   71   75   78   81   83   86   88   90
   92   93   95   95   94   93   93   93   93   93   93   94   93   93   92   93
   92   93   94   99  108  121  136  154  175
    47.5-180.0 180.0   5.0 450.0                            LAT/LON1/LON2/DLON/H
  186  206  228  251  275  296  314  328  340  349  355  361  365  369  372  374
  373  368  358  342  322  300  273  250  226  203  179  156  137  122  110  101
   92   85   80   76   74   75   76   78   81   85   87   90   92   94   96   97
   98  100  100  100   99   97   96   95   95   94   93   93   92   93   93   94
   95   97  101  107  118  133  149  166  186
    45.0-180.0 180.0   5.0 450.0                            LAT/LON1/LON2/DLON/H
  197  214  231  251  273  296  313  328  339  348  355  361  365  368  372  372
  372  367  358  344  328  308  286  262  238  214  188  164  143  127  115  105
   96   89   85   82   82   84   86   88   90   94   96   98   99  101  102  102
  103  104  104  104  103  100   99   97   96   94   92   91   90   90   90   92
   94   99  105  114  128  145  161  180  197
    42.5-180.0 180.0   5.0 450.0                            LAT/LON1/LON2/DLON/H
  211  225  237  253  273  292  309  323  335  345  352  360  366  369  373  374
  372  367  359  347  333  317  299  274  250  226  198  172  149  132  120  109
  100   94   92   90   89   90   94   96   97  101  103  104  105  106  106  106
  106  108  108  108  107  105  102   99   97   94   91   89   88   87   87   89
   93  100  109  122  139  158  177  195  211
    40.0-180.0 180.0   5.0 450.0                            LAT/LON1/LON2/DLON/H
  224  234  243  256  273  289  306  319  330  341  349  358  365  370  374  375
  372  368  359  349  337  324  307  285  260  233  206  179  155  137  124  116
  108  103  103  100   99   98  101  101  103  107  109  110  109  109  108  108
  108  110  111  112  112  111  108  104   99   95   92   89   87   86   85   88
   92  101  114  129  149  171  192  209  224
    37.5-180.0 180.0   5.0 450.0                            LAT/LON1/LON2/DLON/H
  240  249  254  263  276  290  304  316  328  338  346  358  365  370  374  376
  374  369  361  351  340  328  313  294  267  240  213  185  162  146  134  128
  123  120  117  116  112  108  108  108  109  113  114  114  112  111  109  108
  109  112  115  117  119  118  115  110  104   99   95   91   89   87   86   88
   94  104  120  138  161  185  208  226  240
    35.0-180.0 180.0   5.0 450.0                            LAT/LON1/LON2/DLON/H
  261  270  272  278  287  296  308  320  331  338  347  358  366  372  377  379
  376  371  362  351  341  330  316  298  271  245  216  192  172  159  151  147
  145  143  141  138  130  122  119  116  116  116  118  116  113  111  109  109
  110  113  119  122  125  124  120  115  110  104  100   96   93   91   89   91
   98  110  128  149  175  202  227  246  261
    32.5-180.0 180.0   5.0 450.0                            LAT/LON1/LON2/DLON/H
  289  299  301  304  308  311  321  331  340  345  351  361  369  375  381  383
  380  373  362  351  339  328  315  299  277  250  221  200  185  177  174  176
  177  178  176  169  155  141  134  127  124  122  122  119  115  111  111  110
  112  117  124  127  130  129  125  121  116  112  108  103   99   96   93   95
  103  117  138  166  194  224  252  273  289
    30.0-180.0 180.0   5.0 450.0                            LAT/LON1/LON2/DLON/H
  331  346  347  347  344  343  347  353  358  360  368  372  377  382  388  390
  387  377  363  349  336  325  312  297  277  253  230  214  205  205  208  212
  220  222  216  205  186  166  151  143  136  132  129  124  120  116  117  117
  120  124  131  135  136  134  130  127  123  120  115  111  106  100   97   99
  108  125  152  184  217  251  284  309  331
    27.5-180.0 180.0   5.0 450.0                            LAT/LON1/LON2/DLON/H
  380  403  410  408  402  394  393  393  392  388  392  392  396  398  402  402
  396  384  368  351  335  322  311  297  280  260  243  232  233  241  252  262
  274  275  264  246  222  197  177  165  153  145  142  136  131  128  130  131
  133  136  143  145  145  142  137  133  130  125  119  113  107  102  100  103
  113  133  164  199  237  277  315  349  380
    25.0-180.0 180.0   5.0 450.0                            LAT/LON1/LON2/DLON/H
  416  448  464  473  472  464  461  454  445  431  429  425  425  423  424  421
  411  396  378  359  340  326  315  303  291  279  266  262  270  285  303  322
  335  336  321  296  266  232  206  189  173  162  159  154  150  148  150  151
  152  154  157  157  155  151  145  141  135  128  119  111  106  103  103  108
  121  143  175  212  251  293  335  377  416
    22.5-180.0 180.0   5.0 450.0                            LAT/LON1/LON2/DLON/H
  443  481  507  531  546  545  539  528  514  492  482  470  464  456  453  446
  432  414  393  372  353  338  326  317  311  307  302  304  318  337  359  380
  395  400  383  350  312  269  234  211  192  180  178  176  176  175  176  176
  174  174  174  171  166  160  154  148  140  129  118  111  107  106  108  115
  131  156  190  229  269  310  353  400  443
    20.0-180.0 180.0   5.0 450.0                            LAT/LON1/LON2/DLON/H
  472  514  551  584  619  627  620  605  587  559  543  524  506  498  489  478
  460  440  417  395  375  360  348  343  345  350  352  358  371  396  417  438
  450  453  434  399  353  300  257  231  211  199  196  201  203  204  204  203
  198  194  190  184  177  169  161  153  143  132  121  113  109  109  114  124
  143  173  208  248  290  330  373  422  472
    17.5-180.0 180.0   5.0 450.0                            LAT/LON1/LON2/DLON/H
  496  541  585  637  692  714  703  682  658  625  606  584  560  547  534  519
  499  477  453  430  410  395  386  384  393  407  414  422  434  457  475  491
  496  487  454  408  353  308  272  248  235  227  223  225  229  230  227  222
  216  210  203  194  184  174  165  155  144  132  122  115  112  113  119  133
  156  188  225  267  310  355  399  448  496
    15.0-180.0 180.0   5.0 450.0                            LAT/LON1/LON2/DLON/H
  515  562  612  678  750  788  779  754  722  683  663  644  621  604  587  569
  548  524  500  478  450  437  441  443  455  473  488  491  500  511  528  533
  521  491  430  355  297  265  245  236  238  234  235  238  241  241  236  230
  223  216  208  199  187  176  165  154  143  132  123  116  113  115  123  140
  166  201  242  285  334  375  419  467  515
    12.5-180.0 180.0   5.0 450.0                            LAT/LON1/LON2/DLON/H
  530  578  631  701  782  835  834  807  765  724  714  703  682  664  645  626
  604  581  558  528  512  502  499  512  524  544  558  561  565  566  566  548
  512  453  383  314  265  237  219  218  218  218  223  232  236  236  230  225
  220  214  207  198  187  176  164  153  142  132  124  118  115  117  125  143
  173  212  260  306  352  395  438  484  530
    10.0-180.0 180.0   5.0 450.0                            LAT/LON1/LON2/DLON/H
  542  587  641  708  784  843  853  831  795  762  760  759  743  725  708  691
  673  651  622  603  587  577  574  576  595  610  623  621  618  602  578  534
  478  411  346  293  255  232  220  219  219  218  219  223  226  224  219  215
  211  207  201  195  185  174  163  152  142  133  125  119  115  116  124  144
  177  223  269  319  366  410  454  498  542
     7.5-180.0 180.0   5.0 450.0                            LAT/LON1/LON2/DLON/H
  550  591  643  701  768  825  846  838  818  802  808  812  803  789  775  763
  748  733  709  688  670  658  650  648  652  666  675  669  653  616  560  504
  440  377  322  284  262  243  238  241  240  236  231  226  223  217  210  205
  200  196  192  188  179  169  159  151  143  134  127  119  114  113  120  139
  178  224  275  326  375  421  465  508  550
     5.0-180.0 180.0   5.0 450.0                            LAT/LON1/LON2/DLON/H
  550  588  634  683  738  790  821  831  830  831  846  856  856  847  838  829
  816  802  788  769  750  735  722  713  708  712  712  695  663  606  536  472
  411  357  318  296  285  280  278  282  282  271  257  241  229  218  208  201
  195  190  186  184  176  167  158  151  144  137  129  121  115  113  118  136
  175  221  274  326  377  426  471  511  550
     2.5-180.0 180.0   5.0 450.0                            LAT/LON1/LON2/DLON/H
  543  580  620  659  701  745  784  810  825  836  855  870  877  873  867  859
  851  843  834  819  802  788  776  760  748  739  725  699  645  577  505  442
  390  350  330  320  322  327  330  334  328  311  287  263  242  226  214  205
  197  192  191  187  180  171  161  155  149  142  134  126  119  116  120  139
  173  219  269  322  375  426  470  509  543
