tests/test_data/no_end_of_file_label.01i
     1.0            IONOSPHERE MAPS     MIX                 IONEX VERSION / TYPE
tecrms2ionex_2.awk  gAGE/UPC            12/25/07 1812UT     PGM / RUN BY / DATE
Global ionosphere maps for day   1, 2001 ( 1- 1-2001)       DESCRIPTION
IONEX file containing the COMBINED IGS Ionosphere maps      DESCRIPTION
from the combination of the following IAACs:                DESCRIPTION
codg                                                        DESCRIPTION
emrg                                                        DESCRIPTION
esag                                                        DESCRIPTION
jplg                                                        DESCRIPTION
upcg                                                        DESCRIPTION
Contact address: Manuel Hernandez-Pajares                   DESCRIPTION
                 Res. group of Astronomy and Geomatics      DESCRIPTION
                 Technical Univ. of Catalonia (gAGE/UPC)    DESCRIPTION
                 Mod. C3 Campus Nord UPC                    DESCRIPTION
                 E08034-Barcelona, SPAIN                    DESCRIPTION
                 e-mail:  manuel@mat.upc.es                 DESCRIPTION
                                                            DESCRIPTION
Validation with TOPEX: <TEC_TOPEX - TEC_GPS>  [TECU]        DESCRIPTION
         (reference day of year: 001)                       DESCRIPTION
                                                            DESCRIPTION
           Bias   Sigma     RMS    VTEC   %ERR    #OBS      DESCRIPTION
           1.06    5.85    5.95   34.89   17.0   45542      DESCRIPTION
                                                            DESCRIPTION
UT(hours)  Bias   Sigma     RMS    VTEC   %ERR    #OBS      DESCRIPTION
   2.00    0.17    4.93    4.93   33.26   14.8    4202      DESCRIPTION
   4.00    3.07    6.31    7.02   35.66   19.7    4141      DESCRIPTION
   6.00    2.20    4.93    5.40   33.06   16.3    4415      DESCRIPTION
   8.00    1.68    3.64    4.01   30.00   13.4    4565      DESCRIPTION
  10.00    4.49    6.32    7.76   41.69   18.6    3591      DESCRIPTION
  12.00    3.25    3.28    4.62   38.51   12.0    3992      DESCRIPTION
  14.00    0.24    3.44    3.45   35.17    9.8    4631      DESCRIPTION
  16.00   -2.67    3.71    4.57   26.50   17.2    3487      DESCRIPTION
  18.00   -1.73    4.02    4.38   34.64   12.6    4452      DESCRIPTION
  20.00    0.36    9.19    9.19   39.33   23.4    4025      DESCRIPTION
  22.00    0.65    7.81    7.84   36.51   21.5    4041      DESCRIPTION
                                                            DESCRIPTION
Lat(deg)   Bias   Sigma     RMS    VTEC   %ERR    #OBS      DESCRIPTION
 -60.00    0.58    7.76    7.78   40.26   19.3   10593      DESCRIPTION
 -40.00    0.18    3.87    3.87   42.22    9.2    8975      DESCRIPTION
 -20.00    1.91    6.81    7.07   48.06   14.7    6205      DESCRIPTION
   0.00    1.32    4.97    5.14   40.50   12.7    6179      DESCRIPTION
  20.00    2.19    6.95    7.29   28.16   25.9    5779      DESCRIPTION
  40.00    0.24    2.31    2.33    9.97   23.3    4976      DESCRIPTION
  60.00    2.32    2.18    3.18    8.03   39.6    2835      DESCRIPTION
  2001     1     1     1     0     0                        EPOCH OF FIRST MAP
  2001     1     1    23     0     0                        EPOCH OF LAST MAP
  7200                                                      INTERVAL
    12                                                      # OF MAPS IN FILE
  COSZ                                                      MAPPING FUNCTION
     0.0                                                    ELEVATION CUTOFF
Combined TEC calculated as weighted mean of input TEC valuesOBSERVABLES USED
     0                                                      # OF STATIONS
    28                                                      # OF SATELLITES
  6371.0                                                    BASE RADIUS
     2                                                      MAP DIMENSION
   450.0 450.0   0.0                                        HGT1 / HGT2 / DHGT
    87.5 -87.5  -2.5                                        LAT1 / LAT2 / DLAT
  -180.0 180.0   5.0                                        LON1 / LON2 / DLON
    -1                                                      EXPONENT
TEC values in  0.1 TECUs; 9999 if no value available        COMMENT
DCB values in nanoseconds, reference is Sum_of_SatDCBs = 0  COMMENT
                                                            END OF HEADER
[from data line 858]
     3                                                      START OF TEC MAP
  2001     1     1     5     0     0                        EPOCH OF CURRENT MAP
    87.5-180.0 180.0   5.0 450.0                            LAT/LON1/LON2/DLON/H
  130  127  122  114  107  118  100  105  121  135  140  128  120  119  120  120
  117  109  101   95   93   94   99  102  102  101   98   96   97  101  102  104
  107  109  109  110  112  111  113  107  104  104  102  100  100  101  105  108
  111  113  117  122  130  134  136  132  126  119  116  117  123  128  128  125
  122  120  123  129  135  137  136  133  130
    85.0-180.0 180.0   5.0 450.0                            LAT/LON1/LON2/DLON/H
  127  125  121  114  104  108   95   92   98  105  110  111  110  110  112  112
  109  100   92   87   84   84   85   87   89   90   90   90   93   96   98  102
  105  107  106  106  110  109  115  108  108  106  103  102  101  103  106  108
  111  112  115  122  130  119  120  121  118  114  113  115  118  121  121  114
  111  108  108  128  132  134  131  129  127
    82.5-180.0 180.0   5.0 450.0                            LAT/LON1/LON2/DLON/H
  107  123  119  110  100   91   84   83   84   87  100   87   84   86   90   92
   89   85   79   75   74   74   73   73   76   79   82   84   88   91   94   98
  102  104  104  105  106  109  111  110  107  106  104  105  104  105  106   98
  100  103  107  115  121  126  127  127  124  119  119  123  128  130  130  127
  122  118  116  119  117  116  113  109  107
    80.0-180.0 180.0   5.0 450.0                            LAT/LON1/LON2/DLON/H
  109  107   98  107   95   86   79   76   77   80   89   78   71   69   71   73
   73   70   67   66   67   68   67   67   70   73   76   80   84   87   91   96
  100  103  107  112  107  108  109  107  104  103  104  106  105   95   99  101
  103  105  110  116  122  126  128  130  130  126  128  132  138  140  139  135
  130  125  123  118  117  115  114  114  109
    77.5-180.0 180.0   5.0 450.0                            LAT/LON1/LON2/DLON/H
  106  102   98   90   80   84   78   75   75   76   75   70   65   62   62   64
   65   64   61   60   60   61   61   62   64   68   72   77   82   86   91   96
  100  104  106  116  107  107  105  102   98   98  101   91   95   96   99  101
  103  108  114  122  128  133  136  140  142  142  146  150  154  155  153  148
  144  138  129  124  120  116  113  109  106
    75.0-180.0 180.0   5.0 450.0                            LAT/LON1/LON2/DLON/H
  100   95   91   84   79   73   67   74   73   73   72   69   64   61   60   61
   62   61   57   55   55   56   57   59   61   65   70   76   81   86   91   96
  100  102  105  105  105  104   99   96   93   91   84   90   91   93   96   98
  105  112  118  129  137  142  150  157  162  163  169  175  177  178  175  170
  164  156  145  137  128  121  116  106  100
    72.5-180.0 180.0   5.0 450.0                            LAT/LON1/LON2/DLON/H
   97   90   83   79   74   71   67   62   72   72   71   70   67   65   63   64
   64   61   57   54   53   54   56   58   61   66   71   78   82   87   92   95
   96   99   99  100  100   97   93   89   85   76   79   80   84   87   89   96
  105  115  125  139  150  158  169  178  186  191  195  201  203  203  200  194
  186  177  163  152  142  131  121  107   97
    70.0-180.0 180.0   5.0 450.0                            LAT/LON1/LON2/DLON/H
  101   91   81   76   71   67   64   63   60   68   70   70   70   68   67   68
   67   65   61   58   58   58   59   61   64   69   75   80   84   88   90   90
   91   90   91   90   89   87   84   69   69   68   69   72   76   79   86   95
  107  119  134  151  165  176  189  201  211  219  222  228  230  229  226  219
  210  198  183  170  156  142  126  114  101
    67.5-180.0 180.0   5.0 450.0                            LAT/LON1/LON2/DLON/H
  105   93   82   75   69   65   61   59   59   59   57   70   70   69   68   69
   69   69   67   67   67   67   67   67   68   73   78   82   85   86   85   82
   82   80   80   79   78   77   63   63   62   61   62   65   68   74   85   97
  113  128  146  166  184  198  212  226  237  245  250  255  256  255  251  244
  234  221  204  189  173  156  136  120  105
    65.0-180.0 180.0   5.0 450.0                            LAT/LON1/LON2/DLON/H
  113   99   86   77   70   64   60   58   56   56   58   57   69   68   67   67
   68   69   71   73   75   76   74   73   73   76   80   83   84   83   79   77
   74   72   71   70   57   57   57   56   55   55   56   58   65   74   87  104
  120  141  163  185  205  220  236  249  260  269  273  278  278  277  273  267
  256  242  225  207  188  168  149  130  113
    62.5-180.0 180.0   5.0 450.0                            LAT/LON1/LON2/DLON/H
  121  105   90   79   70   63   59   56   54   54   56   57   57   54   66   66
   67   68   70   74   79   81   80   78   77   67   69   71   70   68   65   63
   59   57   55   55   54   53   52   51   51   52   52   57   65   78   94  112
  135  159  184  207  226  241  256  269  279  288  292  295  294  292  288  282
  273  259  242  224  204  182  159  139  121
    60.0-180.0 180.0   5.0 450.0                            LAT/LON1/LON2/DLON/H
  131  114   98   86   75   66   60   56   53   52   52   54   55   55   54   53
   52   53   55   58   62   67   68   69   70   72   73   72   70   67   64   61
   58   56   54   53   51   51   50   49   49   50   54   60   71   86  106  127
  153  180  205  227  245  261  274  286  295  301  305  307  305  302  298  292
  283  272  255  236  216  195  172  150  131
    57.5-180.0 180.0   5.0 450.0                            LAT/LON1/LON2/DLON/H
  142  124  107   93   82   71   63   57   52   50   50   51   52   52   52   53
   53   55   57   59   62   64   66   67   69   69   70   68   66   63   61   58
   56   54   53   52   52   51   50   50   52   54   58   66   78   96  116  143
  172  200  225  247  264  279  292  301  308  312  316  316  313  309  305  299
  290  278  261  245  225  204  183  162  142
    55.0-180.0 180.0   5.0 450.0                            LAT/LON1/LON2/DLON/H
  152  134  116  102   89   77   66   59   54   51   49   49   49   49   49   50
   52   54   56   58   59   61   63   64   65   66   65   64   62   60   59   57
   55   55   54   55   55   55   55   55   57   60   66   75   90  107  131  160
  189  217  243  265  281  295  305  312  316  319  323  323  318  313  308  301
  292  280  264  247  229  211  191  171  152
    52.5-180.0 180.0   5.0 450.0                            LAT/LON1/LON2/DLON/H
  158  140  122  107   94   81   72   64   58   53   51   49   49   48   48   49
   51   53   56   57   58   59   60   61   62   63   63   61   60   59   59   57
   57   58   59   60   61   62   62   63   65   69   76   86   99  121  147  175
  205  233  258  278  296  309  316  320  321  323  327  325  319  314  307  299
  288  276  261  246  230  212  194  176  158
    50.0-180.0 180.0   5.0 450.0                            LAT/LON1/LON2/DLON/H
  163  145  127  113   99   87   77   70   64   57   54   52   50   49   48   49
   52   54   56   58   58   58   59   60   61   62   62   62   61   62   62   62
   63   65   66   68   69   71   71   72   73   79   86   96  113  136  162  189
  218  245  271  291  308  319  324  325  326  325  327  324  317  311  303  295
  284  271  255  241  227  213  196  180  163
    47.5-180.0 180.0   5.0 450.0                            LAT/LON1/LON2/DLON/H
  166  149  131  117  104   92   83   75   69   63   58   55   53   52   51   51
   53   56   58   60   60   60   61   62   63   65   65   65   65   66   67   69
   70   71   74   76   78   80   80   80   82   86   95  108  125  149  174  200
  227  254  276  298  314  325  330  332  331  328  329  324  318  309  301  292
  281  267  251  236  224  212  195  181  166
    45.0-180.0 180.0   5.0 450.0                            LAT/LON1/LON2/DLON/H
  168  152  133  119  106   95   86   80   74   67   63   60   58   55   54   55
   56   59   62   63   63   64   64   66   68   70   71   71   71   74   74   75
   77   79   82   84   86   87   87   88   88   94  104  118  138  161  186  211
  235  259  279  301  316  327  335  338  336  333  334  330  324  313  305  296
  285  270  255  237  223  211  197  183  168
    42.5-180.0 180.0   5.0 450.0                            LAT/LON1/LON2/DLON/H
  171  154  135  120  108   96   88   82   77   72   69   66   63   61   60   60
   61   63   66   68   68   69   71   73   75   78   80   80   81   81   81   82
   83   85   88   90   92   92   92   92   94  102  113  129  150  174  196  220
  242  261  282  303  318  329  338  342  342  341  345  343  339  329  322  312
  300  284  266  245  228  215  201  186  171
    40.0-180.0 180.0   5.0 450.0                            LAT/LON1/LON2/DLON/H
  176  157  137  121  108   94   87   83   81   76   73   72   70   67   66   65
   66   68   71   73   75   76   78   81   85   88   90   91   90   89   88   88
   88   88   91   93   95   95   95   95   99  108  122  140  161  186  208  229
  246  266  285  305  319  333  344  349  353  356  365  368  367  363  353  344
  329  311  289  264  244  226  211  194  176
    37.5-180.0 180.0   5.0 450.0                            LAT/LON1/LON2/DLON/H
  184  160  138  121  106   94   88   85   84   80   78   77   76   73   72   72
   72   74   77   79   82   84   86   90   95   98  101  101   99   96   93   92
   91   90   91   93   95   96   96   98  103  115  131  152  175  200  220  239
  255  273  294  312  327  344  357  367  375  385  400  408  413  412  401  391
  373  351  326  296  272  250  229  207  184
    35.0-180.0 180.0   5.0 450.0                            LAT/LON1/LON2/DLON/H
  199  172  147  127  110   95   88   85   85   83   84   83   83   79   79   79
   79   81   84   87   89   91   94   98  103  107  109  109  106  102   98   95
   93   91   89   91   93   94   96   99  106  119  139  164  188  214  234  250
  268  285  308  326  345  365  383  398  415  431  456  470  479  481  476  456
  436  411  381  346  317  288  259  228  199
    32.5-180.0 180.0   5.0 450.0                            LAT/LON1/LON2/DLON/H
  234  198  166  141  120  101   91   87   87   85   87   87   88   85   85   86
   87   89   91   94   96   97   99  103  108  113  114  113  110  105  101   98
   94   90   88   88   90   92   94   99  109  125  149  177  203  226  248  267
  287  306  330  350  375  400  423  447  473  499  534  555  569  572  565  541
  519  492  460  428  386  350  312  269  234
    30.0-180.0 180.0   5.0 450.0                            LAT/LON1/LON2/DLON/H
  292  247  204  170  142  117  102   94   91   87   89   91   92   90   90   92
   93   95   98  100  101  101  102  106  111  116  116  115  111  107  103   99
   95   91   88   87   87   89   91   99  112  131  160  190  218  240  266  288
  311  333  360  386  418  447  476  508  542  577  619  650  671  677  668  643
  618  591  561  531  487  446  397  339  292
    27.5-180.0 180.0   5.0 450.0                            LAT/LON1/LON2/DLON/H
  385  327  267  220  182  148  126  110  100   93   93   95   97   94   96   97
   99  101  103  105  104  104  104  108  113  118  118  115  113  109  106  102
   98   93   89   86   86   87   90   99  114  137  170  199  230  258  286  312
  338  365  398  432  469  503  537  574  615  658  709  746  770  780  775  757
  726  699  674  647  605  562  509  442  385
    25.0-180.0 180.0   5.0 450.0                            LAT/LON1/LON2/DLON/H
  489  427  351  293  243  197  165  139  119  106  102  103  104  101  102  103
  104  106  108  108  108  107  107  111  117  122  122  119  118  115  111  107
  102   97   92   89   87   87   89   99  117  144  176  212  247  277  307  337
  367  400  440  484  526  564  601  642  689  736  787  824  849  860  857  841
  815  790  766  740  701  660  611  548  489
    22.5-180.0 180.0   5.0 450.0                            LAT/LON1/LON2/DLON/H
  585  522  445  380  321  263  221  185  155  132  121  117  116  112  110  108
  107  109  110  111  111  112  113  118  125  130  131  129  128  124  119  113
  107  103   98   93   90   89   90  100  120  147  186  226  263  297  331  364
  400  440  486  539  586  627  664  706  750  792  834  863  883  895  893  879
  857  836  816  798  766  733  693  648  585
    20.0-180.0 180.0   5.0 450.0                            LAT/LON1/LON2/DLON/H
  669  612  546  476  413  347  294  248  208  175  157  147  137  130  124  117
  113  112  112  114  117  121  124  130  138  143  146  145  142  137  129  122
  115  110  104   99   94   91   93  101  122  156  196  240  280  318  356  395
  437  483  535  590  636  675  708  742  775  805  836  857  874  883  884  873
  858  843  832  823  809  783  753  719  669
    17.5-180.0 180.0   5.0 450.0                            LAT/LON1/LON2/DLON/H
  730  686  628  568  510  448  385  332  284  239  211  193  175  161  148  135
  126  120  118  120  126  133  139  146  155  161  164  162  159  152  142  132
  124  117  110  103   97   93   93  103  126  162  205  252  297  340  383  425
  469  516  568  619  660  691  715  739  762  783  805  819  832  841  843  836
  827  821  817  816  813  804  788  766  730
    15.0-180.0 180.0   5.0 450.0                            LAT/LON1/LON2/DLON/H
  762  731  689  643  599  549  490  436  384  327  285  255  227  206  185  165
  150  138  132  133  137  146  157  166  174  180  182  181  176  166  154  142
  133  124  113  103   95   89   90  101  126  163  209  260  311  356  401  443
  485  528  580  624  658  683  702  719  735  749  762  771  779  785  787  784
  780  781  781  786  792  795  791  783  762
    12.5-180.0 180.0   5.0 450.0                            LAT/LON1/LON2/DLON/H
  763  746  724  702  680  647  599  551  499  430  372  329  294  264  235  208
  187  169  156  149  154  163  173  184  191  196  197  194  187  176  162  150
  138  127  114  101   91   85   86   99  124  161  207  260  313  361  406  447
  486  525  573  614  643  666  682  695  706  715  724  728  732  734  735  734
  734  735  740  748  757  769  774  776  763
    10.0-180.0 180.0   5.0 450.0                            LAT/LON1/LON2/DLON/H
  751  743  739  736  738  725  695  654  602  529  459  407  364  329  293  262
  236  213  188  176  175  181  188  195  203  206  203  197  188  176  164  153
  141  128  115  102   92   86   88  101  127  163  206  258  310  358  403  442
  478  514  555  593  622  646  662  674  684  692  698  700  702  702  702  701
  702  702  706  713  722  736  745  752  751
     7.5-180.0 180.0   5.0 450.0                            LAT/LON1/LON2/DLON/H
  725  725  732  743  764  768  755  723  671  593  521  468  424  388  352  322
  295  265  233  211  201  201  203  207  209  209  203  193  181  169  160  154
  145  134  121  108   98   93   94  107  132  167  210  259  307  353  396  435
  469  500  535  567  597  622  641  654  666  674  683  685  688  688  689  688
  688  688  689  692  696  703  713  720  725
     5.0-180.0 180.0   5.0 450.0                            LAT/LON1/LON2/DLON/H
  682  684  693  714  750  768  763  735  678  604  545  503  469  438  409  385
  361  326  286  252  231  223  218  217  215  211  201  188  174  163  158  157
  152  143  130  117  107  100  102  114  139  175  216  260  306  350  392  429
  460  489  517  545  571  595  617  634  650  663  676  681  686  690  691  691
  690  689  689  686  686  687  687  685  682
     2.5-180.0 180.0   5.0 450.0                            LAT/LON1/LON2/DLON/H
  649  638  636  652  683  706  700  668  617  574  540  511  488  469  453  442
  425  389  339  294  262  244  232  226  220  211  199  184  169  160  161  163
  162  153  140  126  114  108  110  122  147  182  220  262  305  348  389  422
  444  473  498  528  553  578  601  622  642  659  678  689  698  704  706  707
  706  705  702  696  691  685  674  662  649
