tests/test_data/no_end_of_file_label.01i
     1.0            IONOSPHERE MAPS     MIX                 IONEX VERSION / TYPE
tecrms2ionex_2.awk  gAGE/UPC            12/25/07 1812UT     PGM / RUN BY / DATE
Global ionosphere maps for day   1, 2001 ( 1- 1-2001)       DESCRIPTION
IONEX file containing the COMBINED IGS Ionosphere maps      DESCRIPTION
from the combination of the following IAACs:                DESCRIPTION
codg                                                        DESCRIPTION
emrg                                                        DESCRIPTION
esag                                                        DESCRIPTION
jplg                                                        DESCRIPTION
upcg                                                        DESCRIPTION
Contact address: Manuel Hernandez-Pajares                   DESCRIPTION
                 Res. group of Astronomy and Geomatics      DESCRIPTION
                 Technical Univ. of Catalonia (gAGE/UPC)    DESCRIPTION
                 Mod. C3 Campus Nord UPC                    DESCRIPTION
                 E08034-Barcelona, SPAIN                    DESCRIPTION
                 e-mail:  manuel@mat.upc.es                 DESCRIPTION
                                                            DESCRIPTION
Validation with TOPEX: <TEC_TOPEX - TEC_GPS>  [TECU]        DESCRIPTION
         (reference day of year: 001)                       DESCRIPTION
                                                            DESCRIPTION
           Bias   Sigma     RMS    VTEC   %ERR    #OBS      DESCRIPTION
           1.06    5.85    5.95   34.89   17.0   45542      DESCRIPTION
                                                            DESCRIPTION
UT(hours)  Bias   Sigma     RMS    VTEC   %ERR    #OBS      DESCRIPTION
   2.00    0.17    4.93    4.93   33.26   14.8    4202      DESCRIPTION
   4.00    3.07    6.31    7.02   35.66   19.7    4141      DESCRIPTION
   6.00    2.20    4.93    5.40   33.06   16.3    4415      DESCRIPTION
   8.00    1.68    3.64    4.01   30.00   13.4    4565      DESCRIPTION
  10.00    4.49    6.32    7.76   41.69   18.6    3591      DESCRIPTION
  12.00    3.25    3.28    4.62   38.51   12.0    3992      DESCRIPTION
  14.00    0.24    3.44    3.45   35.17    9.8    4631      DESCRIPTION
  16.00   -2.67    3.71    4.57   26.50   17.2    3487      DESCRIPTION
  18.00   -1.73    4.02    4.38   34.64   12.6    4452      DESCRIPTION
  20.00    0.36    9.19    9.19   39.33   23.4    4025      DESCRIPTION
  22.00    0.65    7.81    7.84   36.51   21.5    4041      DESCRIPTION
                                                            DESCRIPTION
Lat(deg)   Bias   Sigma     RMS    VTEC   %ERR    #OBS      DESCRIPTION
 -60.00    0.58    7.76    7.78   40.26   19.3   10593      DESCRIPTION
 -40.00    0.18    3.87    3.87   42.22    9.2    8975      DESCRIPTION
 -20.00    1.91    6.81    7.07   48.06   14.7    6205      DESCRIPTION
   0.00    1.32    4.97    5.14   40.50   12.7    6179      DESCRIPTION
  20.00    2.19    6.95    7.29   28.16   25.9    5779      DESCRIPTION
  40.00    0.24    2.31    2.33    9.97   23.3    4976      DESCRIPTION
  60.00    2.32    2.18    3.18    8.03   39.6    2835      DESCRIPTION
  2001     1     1     1     0     0                        EPOCH OF FIRST MAP
  2001     1     1    23     0     0                        EPOCH OF LAST MAP
  7200                                                      INTERVAL
    12                                                      # OF MAPS IN FILE
  COSZ                                                      MAPPING FUNCTION
     0.0                                                    ELEVATION CUTOFF
Combined TEC calculated as weighted mean of input TEC valuesOBSERVABLES USED
     0                                                      # OF STATIONS
    28                                                      # OF SATELLITES
  6371.0                                                    BASE RADIUS
     2                                                      MAP DIMENSION
   450.0 450.0   0.0                                        HGT1 / HGT2 / DHGT
    87.5 -87.5  -2.5                                        LAT1 / LAT2 / DLAT
  -180.0 180.0   5.0                                        LON1 / LON2 / DLON
    -1                                                      EXPONENT
TEC values in  0.1 TECUs; 9999 if no value available        COMMENT
DCB values in nanoseconds, reference is Sum_of_SatDCBs = 0  COMMENT
                                                            END OF HEADER
[from data line 2574]
     7                                                      START OF TEC MAP
  2001     1     1    13     0     0                        EPOCH OF CURRENT MAP
    87.5-180.0 180.0   5.0 450.0                            LAT/LON1/LON2/DLON/H
   92   94   94   90   88   91   94   91   79   69   66   66   64   67   74   83
   89   86   78   71   69   71   75   77   77   76   78   76   73   73   77   80
   80   76   70   67   66   68   71   75   76   75   73   69   64   62   63   65
   67   69   72   79   88   93   92   90   88   87   84   81   79   79   77   78
   84   94  103  108  110  107  100   94   92
    85.0-180.0 180.0   5.0 450.0                            LAT/LON1/LON2/DLON/H
   91   93   93   91   91   94   95   93   85   74   68   65   61   60   64   71
   77   78   73   66   64   65   69   72   75   77   79   78   75   76   79   82
   82   78   73   69   67   69   74   77   79   78   76   72   69   68   70   72
   73   75   77   80   87   75   74   74   73   72   69   67   66   66   65   66
   68   72   97  100  102   99   94   90   91
    82.5-180.0 180.0   5.0 450.0                            LAT/LON1/LON2/DLON/H
   89   92   92   90   91   92   93   90   85   78   72   67   61   58   59   66
   68   70   72   71   67   66   68   71   74   77   80   80   78   78   81   82
   82   79   74   71   70   72   76   80   81   80   76   66   65   66   67   69
   69   70   71   73   75   78   78   78   78   76   72   68   67   68   69   70
   71   74   75   77   78   76   72   70   89
    80.0-180.0 180.0   5.0 450.0                            LAT/LON1/LON2/DLON/H
   75   73   70   86   87   89   89   87   84   80   75   70   65   62   71   67
   68   69   67   66   65   66   68   70   75   80   84   85   85   85   87   87
   89   88   84   80   82   82   77   78   78   76   74   73   71   70   71   70
   70   70   71   71   71   72   74   75   74   72   68   64   65   66   67   67
   68   68   70   72   73   74   74   74   75
    77.5-180.0 180.0   5.0 450.0                            LAT/LON1/LON2/DLON/H
   73   73   71   68   83   86   88   87   85   81   76   72   70   68   74   70
   71   71   70   68   67   69   73   77   84   90   92   94   95   99  100  102
  103  106  104   93   93   96   96   95   91   88   83   79   76   74   72   71
   69   68   69   69   68   67   68   69   68   66   63   61   62   63   63   63
   63   63   64   65   67   69   71   72   73
    75.0-180.0 180.0   5.0 450.0                            LAT/LON1/LON2/DLON/H
   68   68   67   66   67   68   86   86   84   82   80   76   76   76   76   76
   77   78   79   78   77   78   81   87   92   99  107  107  111  114  121  126
  131  118  123  124  123  121  120  118  112  105   96   92   86   82   80   75
   71   70   68   67   66   63   63   63   61   60   58   58   58   59   59   58
   57   57   58   59   61   63   65   67   68
    72.5-180.0 180.0   5.0 450.0                            LAT/LON1/LON2/DLON/H
   61   62   62   63   65   66   67   83   87   85   83   83   84   84   82   81
   80   81   81   82   83   86   89   95  101  107  115  122  129  137  149  139
  151  156  160  158  158  155  154  147  138  131  120  112  103   97   90   83
   78   74   70   67   65   61   58   57   55   54   53   53   54   54   53   53
   52   52   53   54   55   57   58   60   61
    70.0-180.0 180.0   5.0 450.0                            LAT/LON1/LON2/DLON/H
   55   56   57   59   61   64   65   66   84   85   87   89   90   89   86   83
   81   81   82   83   85   88   94  100  107  116  125  138  150  143  160  175
  185  191  192  195  193  188  182  178  168  157  145  134  125  114  103   94
   87   80   74   70   66   61   56   54   52   50   49   48   49   49   49   48
   48   48   49   49   50   51   52   53   55
    67.5-180.0 180.0   5.0 450.0                            LAT/LON1/LON2/DLON/H
   50   51   53   55   57   59   62   66   67   84   87   90   91   89   86   83
   81   80   80   82   85   89   97  106  116  128  123  143  158  173  186  202
  212  218  222  225  224  219  211  204  193  181  171  158  146  132  120  110
   99   90   82   77   70   62   57   53   50   48   46   45   45   46   46   46
   46   46   46   46   46   46   48   49   50
    65.0-180.0 180.0   5.0 450.0                            LAT/LON1/LON2/DLON/H
   47   48   49   51   53   55   58   63   66   68   85   87   87   86   83   81
   79   78   78   80   84   92  103  100  115  132  146  161  179  194  210  222
  234  241  246  249  248  242  235  227  215  206  193  179  166  152  140  126
  113  102   92   85   76   67   60   55   52   49   46   45   45   46   46   45
   45   45   45   45   44   45   45   46   47
    62.5-180.0 180.0   5.0 450.0                            LAT/LON1/LON2/DLON/H
   46   46   46   47   48   51   54   58   62   66   66   81   81   80   79   76
   75   75   76   80   73   85  101  115  130  146  165  181  200  216  232  243
  254  261  264  265  265  260  253  249  240  227  214  200  186  173  157  142
  127  115  104   94   83   73   65   60   57   54   51   48   47   48   48   48
   47   47   46   45   45   44   45   45   46
    60.0-180.0 180.0   5.0 450.0                            LAT/LON1/LON2/DLON/H
   46   46   45   45   46   47   51   54   58   62   64   63   75   74   73   72
   70   70   59   69   78   89  103  124  143  163  182  200  222  238  253  264
  274  278  280  281  281  276  270  264  256  246  233  218  206  190  173  156
  141  126  114  103   91   81   73   68   64   61   58   55   53   52   52   52
   52   52   50   49   48   48   47   46   46
    57.5-180.0 180.0   5.0 450.0                            LAT/LON1/LON2/DLON/H
   50   49   47   46   46   46   49   52   55   58   60   60   58   56   55   54
   54   56   60   67   77   91  108  134  156  179  201  221  239  258  272  284
  291  294  294  294  291  286  282  276  270  260  247  235  220  203  186  169
  152  139  124  112  100   90   83   77   74   70   67   63   61   60   60   59
   59   58   57   55   54   54   52   51   50
    55.0-180.0 180.0   5.0 450.0                            LAT/LON1/LON2/DLON/H
   57   55   53   50   49   49   50   51   53   56   57   57   56   54   53   53
   53   54   57   67   78   94  115  139  168  193  216  238  258  276  290  300
  305  307  305  302  300  296  292  288  282  272  262  247  232  214  196  179
  162  148  133  121  109  100   93   88   84   80   77   74   71   69   69   68
   67   66   64   63   62   62   60   58   57
    52.5-180.0 180.0   5.0 450.0                            LAT/LON1/LON2/DLON/H
   65   63   60   57   55   54   53   53   54   55   55   55   53   52   51   51
   51   53   59   69   83  101  124  149  177  206  230  252  273  292  305  314
  317  317  314  311  307  305  302  299  296  287  273  258  241  223  206  188
  174  157  142  131  120  111  104   98   94   90   86   83   79   78   77   76
   75   73   70   69   68   68   67   66   65
    50.0-180.0 180.0   5.0 450.0                            LAT/LON1/LON2/DLON/H
   72   70   67   64   62   59   57   57   57   57   57   55   54   52   50   51
   52   56   62   75   90  110  134  161  189  215  241  263  283  302  316  325
  326  324  321  317  314  313  311  309  304  296  284  268  250  234  214  196
  182  166  151  140  129  120  113  107  103   98   94   91   86   85   84   84
   82   79   75   73   73   73   73   73   72
    47.5-180.0 180.0   5.0 450.0                            LAT/LON1/LON2/DLON/H
   77   76   73   71   68   65   62   61   62   61   61   59   56   54   53   53
   55   60   68   82   98  120  145  172  199  225  247  270  289  307  321  330
  331  328  326  323  321  320  318  316  312  306  293  276  259  242  223  207
  190  173  159  147  136  127  118  112  107  102   98   96   94   90   90   89
   87   83   78   76   76   77   77   77   77
    45.0-180.0 180.0   5.0 450.0                            LAT/LON1/LON2/DLON/H
   79   79   77   75   73   69   67   66   66   66   66   64   61   58   57   58
   61   66   75   90  108  130  156  183  209  234  254  274  291  308  321  329
  334  333  332  330  328  327  325  323  319  312  300  285  267  250  234  215
  198  181  166  153  142  131  122  115  109  104  100   97   95   91   91   91
   89   85   81   77   77   78   78   78   79
    42.5-180.0 180.0   5.0 450.0                            LAT/LON1/LON2/DLON/H
   78   79   78   77   75   72   71   70   71   71   70   69   67   63   62   63
   67   73   83   99  118  140  166  193  219  241  260  278  294  308  320  328
  336  338  340  339  337  335  335  333  328  322  309  294  278  265  246  226
  208  189  173  159  146  135  125  117  110  104   99   97   94   89   89   90
   88   85   81   77   76   77   77   78   78
    40.0-180.0 180.0   5.0 450.0                            LAT/LON1/LON2/DLON/H
   75   76   76   76   75   74   73   73   74   75   75   73   72   69   68   69
   73   80   90  106  128  152  177  203  227  249  266  281  294  306  317  326
  337  343  349  351  351  348  348  345  340  335  325  311  297  283  265  245
  222  201  182  168  153  141  130  121  114  107  101   99   96   93   87   88
   88   86   81   76   74   74   75   74   75
    37.5-180.0 180.0   5.0 450.0                            LAT/LON1/LON2/DLON/H
   71   72   73   74   74   72   73   74   76   77   78   78   77   74   73   75
   79   86   99  116  140  165  190  214  236  255  270  283  293  303  314  325
  339  350  361  368  369  367  367  363  359  356  347  339  326  312  291  269
  244  221  204  184  168  153  141  131  123  117  112  108  103   97   91   91
   91   89   84   78   74   72   71   70   71
    35.0-180.0 180.0   5.0 450.0                            LAT/LON1/LON2/DLON/H
   67   68   69   70   70   70   71   73   76   78   80   81   80   78   78   80
   85   94  107  127  153  178  204  227  247  263  275  285  293  302  314  327
  348  366  382  393  396  395  396  392  387  383  380  374  364  352  331  307
  279  255  238  217  197  180  167  158  150  142  137  131  124  115  107  103
  102  100   95   86   80   75   72   68   67
    32.5-180.0 180.0   5.0 450.0                            LAT/LON1/LON2/DLON/H
   67   66   65   65   66   66   68   71   75   78   81   82   82   82   82   84
   90  101  117  141  167  193  218  240  258  271  281  290  297  307  320  340
  368  392  413  430  436  438  439  435  430  424  425  422  415  400  386  361
  335  308  292  268  245  226  213  205  196  187  178  171  161  150  139  129
  126  122  114  105   93   85   78   71   67
    30.0-180.0 180.0   5.0 450.0                            LAT/LON1/LON2/DLON/H
   74   68   64   62   63   63   65   68   73   76   80   83   84   84   85   88
   96  109  128  154  182  209  234  255  271  283  290  299  306  319  335  359
  398  429  457  479  491  497  497  497  488  481  485  485  481  469  459  435
  410  385  369  341  314  290  277  270  259  247  236  226  213  200  186  172
  165  158  146  132  115  103   93   82   74
    27.5-180.0 180.0   5.0 450.0                            LAT/LON1/LON2/DLON/H
   88   78   70   64   62   61   63   66   70   74   79   82   84   85   87   93
  102  118  139  168  197  226  251  272  287  297  304  311  323  337  359  389
  433  471  506  534  560  574  577  577  565  554  560  562  562  555  550  533
  513  486  467  433  397  369  355  347  336  322  306  292  278  261  244  229
  214  203  187  168  147  130  116  100   88
    25.0-180.0 180.0   5.0 450.0                            LAT/LON1/LON2/DLON/H
  109   95   81   72   67   63   62   64   68   72   76   81   84   87   90   96
  108  126  152  183  214  244  269  290  305  316  324  331  347  365  394  426
  475  516  558  595  634  659  668  671  657  643  645  647  652  652  656  647
  633  609  579  536  492  461  443  434  424  409  390  372  350  328  306  286
  266  251  231  206  182  164  147  126  109
    22.5-180.0 180.0   5.0 450.0                            LAT/LON1/LON2/DLON/H
  135  116   99   85   75   68   65   65   67   69   73   78   83   87   91  100
  115  135  163  198  231  262  288  309  324  336  347  359  381  407  441  477
  520  566  611  654  703  740  758  765  752  737  735  734  741  749  757  754
  747  727  688  640  592  550  527  514  497  477  455  433  408  385  359  336
  311  292  268  245  220  201  180  158  135
    20.0-180.0 180.0   5.0 450.0                            LAT/LON1/LON2/DLON/H
  163  141  121  102   89   78   71   68   68   69   71   76   82   87   93  104
  121  146  180  213  247  280  307  328  345  359  373  392  418  460  501  539
  574  626  665  704  753  793  816  826  820  811  802  807  814  822  832  834
  830  815  773  719  657  603  568  545  523  500  478  456  433  413  386  364
  343  319  297  276  256  235  212  189  163
    17.5-180.0 180.0   5.0 450.0                            LAT/LON1/LON2/DLON/H
  190  166  144  122  106   92   82   76   73   72   73   77   82   89   96  110
  130  158  194  228  263  297  325  348  366  382  401  427  464  516  563  604
  635  678  706  731  763  800  817  821  828  833  834  837  844  853  858  860
  861  841  789  726  659  599  557  528  506  487  469  450  431  412  393  373
  351  328  309  292  275  260  239  216  190
    15.0-180.0 180.0   5.0 450.0                            LAT/LON1/LON2/DLON/H
  213  188  165  143  125  110   97   89   84   80   78   81   85   92  102  117
  144  175  208  243  276  310  343  368  388  408  432  465  509  562  615  651
  669  700  716  731  748  772  781  785  794  807  818  823  828  833  835  837
  831  805  755  684  618  561  517  487  466  453  441  426  409  396  382  363
  343  323  306  294  283  273  256  236  213
    12.5-180.0 180.0   5.0 450.0                            LAT/LON1/LON2/DLON/H
  229  206  184  163  145  129  115  104   97   91   87   87   91   97  111  130
  156  188  222  256  292  326  357  386  411  435  462  502  554  605  650  671
  678  692  708  719  731  745  753  759  769  782  793  794  796  796  790  785
  775  748  697  631  569  518  477  445  426  415  408  397  383  372  360  345
  326  308  296  289  283  277  265  249  229
    10.0-180.0 180.0   5.0 450.0                            LAT/LON1/LON2/DLON/H
  236  217  198  180  163  146  132  120  110  102   95   94   97  105  118  140
  169  202  235  270  306  341  373  402  435  461  497  540  592  637  673  682
  681  689  701  711  720  730  739  750  761  771  776  773  767  759  745  735
  722  695  646  586  531  487  448  417  396  387  380  369  360  350  340  325
  309  293  285  280  277  275  266  252  236
     7.5-180.0 180.0   5.0 450.0                            LAT/LON1/LON2/DLON/H
  234  221  207  192  177  161  146  133  122  112  104  100  102  109  125  148
  180  214  248  283  319  355  388  421  450  489  528  572  619  654  677  689
  686  693  699  707  716  726  738  751  761  768  767  757  745  730  712  698
  683  656  614  561  510  470  435  403  381  368  360  352  345  336  325  312
  298  284  276  271  268  266  258  246  234
     5.0-180.0 180.0   5.0 450.0                            LAT/LON1/LON2/DLON/H
  226  218  208  199  187  174  159  144  131  120  112  108  108  116  131  156
  190  225  260  297  334  369  403  433  470  511  549  593  629  658  677  687
  687  692  698  704  714  727  738  752  762  763  758  745  728  709  692  680
  668  644  607  556  508  467  432  402  378  360  349  340  335  329  318  308
  296  283  272  263  257  254  246  236  226
     2.5-180.0 180.0   5.0 450.0                            LAT/LON1/LON2/DLON/H
  218  211  205  201  192  180  164  149  137  127  121  118  118  125  139  163
  198  235  274  311  349  385  418  448  485  524  563  600  630  654  672  681
  681  684  689  698  710  722  734  747  756  756  749  737  719  701  689  682
  674  655  620  573  522  477  441  411  385  363  348  338  334  329  322  315
  305  291  276  261  252  246  237  229  218
